pi,0.4996879043223821,0.5003120956776179
means,"[-0.007558150789145181, 0.00899627353471558]","[4.984513526151188, 4.984046830781463]"
covariances,"[[0.9586456488846045, 0.007050591102734512], [0.007050591102734512, 1.0099305524535565]]","[[1.0494281414752262, -0.02382317263573183], [-0.02382317263573183, 0.9813350645629897]]"
log_likelihoods,-19766.288860395325,-19766.287644287993,-19766.28764420982
n_input,"[7.721912147906493, 5.8444558720716655]","[0.8484308822052846, -2.246889333984605]","[5.67101780491777, 6.067997778058972]","[5.206677628539116, 4.870702542964492]","[5.813280406064593, 4.156146122575101]","[6.983633652436019, 5.011880434517792]","[4.9806816957281645, 5.101630053533425]","[4.751026344719325, 5.314129496450666]","[8.098299434071258, 4.741824861968565]","[5.252194854234287, 3.029691418648599]","[-1.0065425652796411, 1.1398785611290454]","[5.191124233836392, 3.850292527102594]","[-0.5555467794868666, 0.20438903160297678]","[-2.3843067887857456, 0.7451508642848174]","[-0.5717460419560614, 0.33260751032419755]","[0.8721970000729778, -0.3150867311941086]","[0.38632331781156, -0.20447122098612153]","[-1.690671627606452, -0.9784995458666064]","[-0.031058932870901952, -0.9096834169818336]","[5.562854480457131, 4.862258939612073]","[4.858337368127756, 5.302322900348275]","[4.610596438474623, 6.355805339431502]","[0.8891538247878059, -1.121751102855888]","[5.534347213453785, 3.2315845743619276]","[5.257253421111502, 4.655522791247547]","[1.105900424357309, -0.5639474880582432]","[5.781942535451918, 4.934589766404606]","[0.57707212718054, -0.2030453860429927]","[0.36728731340134063, 1.8381836767951225]","[6.448820108337715, 4.684918072091077]","[-0.4442932600761116, 0.3773004930448522]","[-0.33524408186802673, -1.3410647133015687]","[4.161638119999193, 3.7873428673766862]","[0.5931012579683838, -0.3095464393139903]","[-1.2324312391640002, 0.9524619705361694]","[3.4236910032287544, 5.394757389107993]","[0.5045818144773903, 0.6265383633369425]","[-0.7632861041785816, 0.03793783544760203]","[4.543302384976753, 5.338993513809419]","[-0.718444221252436, -0.21344715171184725]","[3.8090834940262734, 5.678728069279419]","[3.862967116852513, 4.178185171578654]","[0.18186625505849516, 0.24822058630033608]","[-0.9354387020445953, 1.0859821161750323]","[6.191090683146191, 4.853146478744699]","[5.934654707336623, 5.369925613004391]","[-0.8463597198869729, -0.5849076534177698]","[4.776974318733598, 5.282036210462221]","[6.4364295195588666, 4.296083674584455]","[4.09734564001218, 7.698328835937088]","[0.7858001586508322, 0.42545756178496474]","[0.6454841811410754, 2.16325472330546]","[4.5543496969700055, 7.053818690086596]","[5.360226037077429, 5.541321294008278]","[-1.5449373466767586, -0.5393050144632704]","[5.444591995073129, 5.433835240088877]","[1.305478807154329, 0.02100384163275905]","[5.238171306139629, 4.159228110101375]","[4.46205603366686, 4.817098432576073]","[4.634719141796115, 7.387967705524732]","[4.730048103174836, 3.4565490568142527]","[5.301960900171765, 4.452592477233127]","[5.484734647968924, 4.6982015066037475]","[4.512366579045037, 3.563746135071882]","[5.68871274455477, 5.609737723336705]","[-0.22096417382966393, 0.02688583899453078]","[-1.397805478424297, 1.2025765052252275]","[1.090861670603698, -0.4629395120252583]","[1.7976865268495226, 0.6408428612670098]","[5.180294880503444, 4.185131851090656]","[0.990166238959289, -0.21713107494620248]","[5.521449399059529, 6.33696907355596]","[0.02538842054241018, -1.9196731561976563]","[4.929776379425374, 4.712890495137657]","[-0.9564363768180087, 0.47240627788037737]","[-0.3871306497895146, -0.04541121793223822]","[-0.6115178029919482, -1.4066610968482223]","[0.8508979621679722, -0.13737178839939665]","[0.924027019206901, -0.18490213644298903]","[7.492183998600687, 4.724878571744953]","[3.834025814319539, 5.102690516748587]","[4.417938665906988, 5.399044140646526]","[-1.4704895512312506, -1.262769775698564]","[4.110155229058858, 4.03922044175511]","[0.32135721545027307, 0.42192075423528475]","[5.142990634809216, 3.2739893813332337]","[6.524517181115903, 4.555053609104747]","[0.7384665799954104, 0.1713682811899705]","[3.790801288760394, 5.05674168329682]","[4.24865453039663, 6.520091740991101]","[6.912005469052698, 6.164060152585938]","[-2.151815401329305, -0.7191533192424201]","[4.040645039351877, 3.8180044781021754]","[4.9981712411559, 5.139982096321353]","[5.995167665158606, 5.93736741425368]","[4.815967600800997, 2.5121779424376687]","[-0.22565638071225164, 1.3890243629627617]","[0.7903718960517113, 0.34005129456889044]","[5.373653405621148, 4.7374243406843775]","[4.471083620895345, 5.777596061792272]","[-0.6518361078021592, 0.047398671316414016]","[0.020793707675407894, -0.7280029412291344]","[6.391457966955942, 4.787755690160069]","[3.0788808084552377, 1.1195749114345768]","[6.508918894266904, 6.1183381367931275]","[0.29562448874709507, -1.5166425494207911]","[1.0599363840466218, 0.6170059495766975]","[0.02263085267686914, -1.4055630538562867]","[5.200033787312328, 4.932989958274779]","[-1.0056013756894657, 0.36016418394576694]","[5.860182638395156, 5.810260044375334]","[-1.280429352496283, 1.7547941819843647]","[-0.7632591565425169, -1.804882100664519]","[1.2382830714336357, 0.02127157673606165]","[5.941619013551491, 5.076518062243712]","[3.684558692950154, 6.309444101402648]","[3.722915437668881, 3.9168115533339503]","[0.5152943216244674, -0.8342818100346248]","[-2.0634031524794545, -0.3173504922425348]","[-1.6566232076777738, -0.5244481362626519]","[5.220630804307163, 4.647912252546119]","[-0.835142901630023, 2.0895387216947734]","[-0.46531045678005334, -0.10594835430413566]","[-1.5428032182428997, -0.16063111952549436]","[5.07904780215028, 4.711843969488882]","[4.725356250633703, 4.542781460680804]","[0.7564883543160984, -1.9140600705874673]","[-0.5505368494915835, -1.2207124259141586]","[5.131119324675147, 5.884842582801158]","[7.111296334099585, 4.139434596186113]","[1.230874513154735, 1.6850142787085094]","[3.0645700402861937, 4.4508410582362234]","[6.092959110896668, 5.9704626369066665]","[6.08953658307664, 7.3654077719999735]","[-0.5487249077409615, 0.09284490114111471]","[3.8190275163356144, 3.8483188909656567]","[0.4086073077017676, -0.3078084711388841]","[0.216624975404619, -1.0257526836402773]","[7.3692873008114965, 6.395434082199185]","[6.0179570524293595, 3.7039513071760717]","[0.0570131248970845, 0.26859227886325693]","[0.29219272832637316, -0.1873290184063747]","[-1.1274960989530387, 1.127908993253569]","[6.455401337726192, 4.411981480963033]","[1.2897527540827456, 0.6731813512699584]","[5.979259744286963, 4.750344461781081]","[4.613887223913858, 6.015220891814305]","[0.12029563171189886, 0.514438834058749]","[-0.4877053729487446, 1.0743330047702437]","[-0.4606387709597875, 1.0571222262189157]","[3.6680868896089143, 6.307964192549344]","[-0.6922503292658964, -1.9689231424160831]","[6.084500530290926, 4.974811316470521]","[5.412355969085948, 6.576172527741378]","[0.3896045240919878, -2.220421008935126]","[0.3556689485632294, 0.19157739619408962]","[6.495458245242957, 4.715374495746321]","[0.9980101098596522, -2.8962553781936893]","[6.896123276254347, 3.639165021698921]","[-0.1891203907770335, 0.9216501119244593]","[-0.06717829004935526, -0.7157599891107518]","[5.420268529056561, 6.304962688790419]","[-1.055089368176695, 0.12626773623406817]","[5.826453110858762, 4.255021232514944]","[6.414840662825554, 4.12580072998585]","[1.188913371474643, 0.7083038472010638]","[-0.9701242603796436, -0.3975577654917214]","[-1.092141593428733, -0.253676077542381]","[5.577072183835139, 4.821976709936162]","[4.718796404597233, 5.123419133500961]","[-0.34718649511226246, 0.7708022199879712]","[1.1356201471829441, -1.1062935124116342]","[5.056510648465556, 4.875078404676435]","[0.541462728204788, 0.7591551603026468]","[0.6327818661062848, 2.270692857804396]","[4.586576229363558, 5.032396213683579]","[5.321584540372756, 5.116508052475871]","[-0.05704116685294176, 1.1839874431968893]","[3.597630716576175, 7.091094272732477]","[0.13556341641470915, 0.7285186435145362]","[5.753417473421093, 5.099826315099768]","[2.7515034655003445, 3.874903672976971]","[0.20232879642280202, 1.631856899089109]","[3.7156129639274855, 6.475879150503966]","[5.209348857334689, 4.954955881989076]","[-0.7859860326349823, -1.3810446031537749]","[5.501900233700672, 4.971183398411377]","[5.341753920713539, 3.701674060331097]","[4.0615328942589155, 4.453592380536327]","[4.240197868012225, 4.289984557108448]","[6.868603219163003, 5.034807540499832]","[0.9137716213855857, -1.5457297866907331]","[3.2201248917918326, 6.064170702341044]","[0.9495945713644882, -0.059415181272494094]","[0.31745326125017514, -0.33286040438251124]","[0.08182935854756501, -0.09888965319114267]","[0.4359753895000459, -2.5322460852196853]","[-1.0701915628943317, 1.719040612841821]","[5.42124737869098, 5.846839945469165]","[5.693923233191258, 5.7165893397596514]","[3.1962495159075037, 5.331470896330895]","[3.7370370631326773, 3.0888406747395125]","[-1.0121043752601675, -1.6548566718657693]","[-0.35976864578908574, -1.3260476860820383]","[6.29046074137635, 5.055199242530089]","[1.5033983017671506, 0.8773622905756714]","[-0.8682927318763665, 0.5346290861224353]","[4.326209894340524, 5.957537163279768]","[0.2704568257798388, -0.05023810944913695]","[-0.2590421458207031, -0.19634984908497827]","[-0.526531687096043, -0.5235759884065829]","[-0.23401985910698136, 0.4663583744463345]","[-0.9394632419859826, 1.119244917564096]","[0.5082686396745896, 3.9262377064363267]","[0.020886488295961788, 0.23070090571868349]","[6.045460240482253, 4.798580099923027]","[5.262502890851834, 4.2158361416401675]","[3.9195926707214985, 3.8225834947507114]","[5.3269945132700975, 4.164875496027765]","[3.876121594874406, 5.378046260427883]","[5.759787236953077, 4.160472441982343]","[-0.4700421477595015, 0.2658782296520485]","[3.382199386184663, 5.380778071365052]","[4.564861252037965, 3.6851213355955883]","[4.489316061804349, 5.871724424184136]","[5.697586970339199, 4.163908329780374]","[-0.3596296724524624, 0.3011073391917421]","[5.217718201087167, 4.175349659709313]","[0.1386451837100845, -1.0861262991814098]","[0.5935567222808619, -2.9403886346642802]","[4.421787901780246, 5.2951409793374165]","[3.8814765157883677, 5.642855493962948]","[5.333369851260878, 2.5071895006046465]","[4.590659424781376, 3.9438884308129136]","[0.7833905092825955, -0.2515388860444957]","[0.6543656563540577, -0.05558467091045507]","[-0.12853751143893075, -1.881849045497639]","[5.418759960127496, 5.220583537737361]","[-0.21596052035023222, 0.9374774925069249]","[1.1218578562304709, 2.3200407220172594]","[6.6053559623618066, 6.22393634423789]","[3.818018003931781, 5.995973678846446]","[4.136810287833172, 7.040133885996919]","[0.6833289928110694, -0.20931381957936157]","[6.102692046074378, 5.177829799705434]","[5.5057354324727985, 4.913298863851791]","[0.21319662823768915, -0.7519693317388191]","[3.79608635103362, 5.225256681983599]","[4.831699576828357, 5.599103331863595]","[4.548781173056123, 4.869199406273045]","[-0.3021805869826214, -2.6031370878272986]","[-1.1790397911598025, 1.1876793884615637]","[-0.6410812665383554, 0.6590543439134197]","[4.999391517677711, 6.196627120827243]","[6.84866306896655, 3.6923574189065596]","[6.16441174053527, 5.92567675771387]","[0.7127120288613313, -1.8831502080585838]","[4.345230224376051, 4.48939150070242]","[-0.11622904312195817, 0.21471318317052634]","[3.311965674802322, 4.399252069361432]","[2.5646876682171116, 5.684163208608955]","[5.400641638339836, 4.211923746096328]","[-0.3733684250030844, -0.5001978170959958]","[4.8063904889644915, 5.74458639847313]","[0.14098269961206, 1.5886269280435958]","[0.04351466864346608, 0.5581395145185063]","[5.555826027575128, 4.773472527617162]","[4.2851927410085295, 6.7945248483922125]","[-0.31305803052315434, -0.0007085945766459172]","[4.282146785645964, 5.795863812341226]","[4.070863659490242, 3.865979814065042]","[-1.7730324682068814, 1.2619215007139917]","[0.9653974845911707, 1.2361307218062179]","[4.81080981872492, 4.9136621417532735]","[7.779963624223556, 3.96200864501077]","[-0.46341769281246226, -0.46572975357025687]","[4.823865802289221, 3.4658753065511485]","[5.997265567658872, 6.181890042558893]","[4.925654670241475, 4.8154485578140545]","[6.410692320420894, 4.690289188193427]","[6.6372116447028535, 3.5686451529455727]","[2.045751058757969, 4.35827285634787]","[4.523448576780758, 3.695410556199527]","[7.2999691243864735, 3.55865825428463]","[4.585369491185969, 4.275697465792334]","[0.23278674294016363, -0.7567639770159263]","[3.4833374537140784, 4.650738114652039]","[1.0964692338108837, -0.6256772874962124]","[5.613460165671837, 4.967496106942311]","[4.284487014514771, 6.121499211849928]","[3.439829174870056, 7.117324144370953]","[1.9541574337502863, -0.5057467042619367]","[-0.07160125941406395, -0.03722223650984159]","[4.655016838042933, 5.227028860388946]","[1.0417246640588513, 0.5835443030118876]","[0.5906548306923093, 1.1087035805829077]","[-0.8343230454915821, 0.7640297815728595]","[5.9049620414941995, 4.774193250923958]","[6.542736367279776, 5.24347507713677]","[-0.12270893359572414, 0.09337237427665124]","[4.310723376847612, 4.315003849873607]","[-0.9846547848472624, -0.7925234471152126]","[4.740778186995907, 5.124384766907714]","[1.9234457948249533, -0.7746149700185819]","[0.5181017020299757, -0.5292010098115129]","[4.827958640734527, 6.438169201145702]","[6.762979652537399, 4.492283230850286]","[4.540258604936961, 4.660911705473173]","[-0.13744851462769186, 0.9528745472029388]","[4.732234481275155, 6.32270321998898]","[6.665252233944695, 4.821293115436505]","[3.0344441085234948, 4.4128847293798525]","[4.99837828303662, 4.822831884885238]","[-0.015309849172995557, 0.5792914996010884]","[6.291468889065364, 5.3070030600053615]","[-0.3791277409874871, -0.20358036010236177]","[4.741235588127621, 4.502947513164318]","[5.359055093480366, 6.334229194172691]","[6.228856550200559, 5.461078032296435]","[0.4914294527201998, 0.5697603571986469]","[5.014287211883989, 5.910944403839475]","[-0.4830610516834395, 0.14679301198554937]","[0.32405702822156063, -1.1476913898156673]","[5.387148316060906, 5.000559992339696]","[5.528036004547964, 4.231564483096507]","[4.562262677595675, 5.181989882622798]","[-0.09139955750911445, -0.08087849786546131]","[4.653228423233288, 4.41420727655131]","[5.97244399791801, 5.8727874144696095]","[-0.8476339286190848, -0.6520888885930607]","[6.541321144801321, 6.333998185876926]","[-0.5530898169141323, 0.6958638390937854]","[6.26084951999931, 5.616663976471118]","[4.839549956734366, 4.719888992249993]","[4.257613629569265, 4.884002927678466]","[0.5009171876243808, -0.977555244798551]","[1.5231240772696573, 0.5389100436846587]","[1.2816437950037687, 0.5576910607251245]","[4.5419748169854435, 5.475334925427491]","[-0.55317724534727, -0.2539517063972351]","[0.2110174672026184, -0.09671311187039239]","[3.4330406288326474, 5.407090383398832]","[4.578643192229558, 5.621346739969102]","[-1.0363092473737703, -0.20346114108030489]","[-1.194522939766035, 0.28580328679473294]","[6.25228366195664, 5.161299542662695]","[4.675142073501454, 5.859630786854846]","[-0.12094814860778157, 0.41953244390702776]","[4.48401901065092, 5.4168730625900405]","[5.012169682282905, 4.9071254986069475]","[2.780222052548149, 3.600318495267314]","[4.689028533513928, 5.402516209735321]","[-0.5029747705513431, 0.26348721533105957]","[2.5418305694509815, 4.019235156337462]","[0.7899197221808523, 0.9695690257529068]","[-0.025026958745143917, 0.8177662992002871]","[0.7116148780888898, -1.1246420918378692]","[5.184962587342087, 7.401583661030353]","[-1.1057046684859357, -0.21492103028873533]","[4.135714738059464, 6.135620585491476]","[5.288150041540255, 5.358848072678919]","[7.703027564405083, 4.769338333360292]","[5.6672189393045285, 5.983736043903564]","[-2.018487864388638, 0.14506374595938162]","[-2.0903028988531567, -0.1702582467959055]","[4.911626712473604, 7.210689726015764]","[5.774022774071052, 4.992519203259254]","[5.085513329639599, 3.2842916813618706]","[4.929779638482383, 2.4777220825120496]","[1.613711269058647, 0.45353430151397983]","[3.152056734512085, -1.123494033239598]","[0.587855888137735, 0.6197387847028687]","[-0.11348064588214118, 0.2215584736242106]","[4.374083982315398, 4.021745061939523]","[0.0438114719791096, -0.14700200162848862]","[7.529927749251952, 4.006406996068552]","[0.3467099776049199, 2.5115565515844236]","[-0.294455757588034, 1.452755545126183]","[6.46644239118858, 3.5907842019754863]","[4.077648670938082, 4.18061316950121]","[5.398712801790344, 4.629977534162756]","[1.481960768436536, -0.28321803894523256]","[-2.929448690002268, 2.052972024501663]","[4.395093236071825, 5.4977883094177775]","[4.986496755407023, 3.893267012270549]","[0.8691545924968965, -0.4555395260238707]","[-0.18689615816198485, -1.6304732437151401]","[6.101737861786209, 5.491993486836496]","[-1.377669367957091, -0.9378250399151228]","[5.626434672453945, 4.92009154733745]","[1.1818910929599615, 0.4809080927488954]","[6.177184963184339, 5.136746647399231]","[0.1733416643704082, 0.24395319790850026]","[5.006381540963315, 3.1517414699215847]","[4.786124832445361, 5.970316201788282]","[3.281069587046153, 6.04695453442821]","[-1.5811907020321334, 0.8950383140761154]","[0.7660802783846903, 1.2269332238843076]","[3.6009215718155243, 3.4797132077593904]","[6.065376272259603, 4.741954484388838]","[6.243405797187162, 6.228030209608135]","[4.225197821864471, 4.467393243326503]","[0.242882013150275, -2.0820987031889873]","[3.2579175422940363, 4.544779419117295]","[-0.8963326585920618, 0.21930233720043607]","[-0.97536602727825, 1.3035079319347591]","[3.430610404625316, 4.363117611061043]","[5.273614581165705, 4.399493364586037]","[-0.9457460606967811, 0.6082461916849685]","[0.04852162794482699, -0.8309501164110378]","[0.8712972974572442, -1.3459796802467485]","[0.0184183791895517, 1.6764373122752827]","[7.05419384125607, 5.147820739036527]","[0.2483251425158822, 0.07811773523601635]","[4.2068653363860635, 3.8092541992633286]","[5.2208417702903525, 4.957175620924481]","[-1.1967886464263116, 0.8936976893891109]","[5.655233628513761, 5.256997445585831]","[1.158595579007404, -0.8206823183517105]","[-0.002786110666901238, -0.5330904020158331]","[5.292148842118799, 5.280235946002494]","[5.53034290167058, 5.304492201680144]","[4.796681714582493, 6.122203333293369]","[-0.5642475986573886, 0.18455130319703697]","[5.043030973321281, 5.686857911012256]","[3.4744282919389162, 3.845836615220459]","[0.5436001545944323, -0.37061433208610595]","[0.34378788154988543, -0.04865235157045115]","[-0.024232833869692147, 1.2024512479830722]","[0.6295295842218108, -0.8043157596599924]","[4.569003799780187, 4.761394468285372]","[1.9483426447898131, 1.0251091525817735]","[-1.3585740152574743, -1.0797363212758484]","[-0.40968659262949736, 0.7123221595801621]","[4.932553441444818, 6.193611755172588]","[-1.9937356425714554, 0.37405656984757213]","[-0.5703140677864661, -1.1791082143628482]","[3.452430205863689, 5.203943857515995]","[-0.7170161491279362, -1.2845842656999693]","[1.1055259329579838, 1.1870303055603801]","[4.18910606379975, 5.3668140432854425]","[6.67817992212487, 4.927030568118722]","[1.223083067095325, -0.25885440036983165]","[6.888436939614257, 4.835758014967968]","[5.129368006703818, 2.619260894476503]","[6.112634305203302, 4.928879709169664]","[-1.2883076174635377, 0.2927154821418534]","[0.09699596499271819, 0.5951570254369136]","[0.8901984111247868, 1.0352493347237526]","[-0.7563507452843033, -1.4222537095976742]","[0.5228354880354996, -0.573700003938579]","[5.291202755138032, 4.636426705084971]","[0.38837572923016833, -0.09482423128087224]","[4.852860495185893, 4.343375929200295]","[-0.6800247215784908, 0.23225369716100355]","[5.122243004547066, 4.581036554478765]","[-0.7153037092599682, 0.6795977489346758]","[-1.4359095238685275, -1.3158158164275071]","[0.3957988487097471, 0.26355081195478497]","[0.6963874474567153, 0.9553052085705107]","[4.279544929324941, 5.411357631151439]","[1.2239487531460047, -0.19762046779596562]","[5.295232575040603, 4.761766324944382]","[5.719168666355437, 6.819771787312598]","[0.714609790636618, -2.049941278577478]","[5.893188347207252, 5.641894122858639]","[5.81575448665207, 5.602473436282363]","[4.399661340993513, 5.593539432293191]","[6.9687573094339585, 5.939735481747104]","[0.543479378670093, 0.1998104337187135]","[3.4296741857469835, 5.336712295420611]","[5.781358119806515, 5.052372768727569]","[3.8007956749043568, 5.4476962663950115]","[5.888987749183643, 6.7305179518279585]","[4.771994273190282, 3.5930225378960112]","[5.4547043964167745, 4.933834065453565]","[3.8905444445537802, 6.712711411276272]","[4.613977202129302, 4.08424495886644]","[0.18383451632250436, 2.6930336639804966]","[0.6663125009092119, 0.4625912928539512]","[5.880065962957342, 3.5661941760715856]","[0.4183982208886837, 1.4015985929464294]","[3.2281033177535563, 5.6368701583954035]","[-0.8239354869719996, -0.7191094514491859]","[0.8481742126666681, -1.232523314768509]","[5.1843090640781035, 4.579972272705837]","[0.3791531187261241, 1.2302221756507876]","[0.6647027453331099, -0.552920837367302]","[0.7595148874861078, -0.29175863225853715]","[-0.9849931258170151, 0.1986800095474069]","[5.382433315692535, 3.687836798804482]","[3.5612798989431305, 4.774737357508647]","[4.828189536197326, 4.853368225956398]","[4.624016420648134, 4.4389108690190024]","[4.402721064153752, 5.616579352307271]","[6.84804019177085, 5.9907108466240855]","[0.03800347816820029, 0.1200313267182613]","[4.037858771809615, 5.000223947995788]","[5.97141235767236, 3.704741379332879]","[4.347471706783355, 4.388822847980673]","[2.1980884305121084, 5.434263649922071]","[3.001655032855374, 4.294683276084152]","[0.3361449630262288, -0.22747625995340778]","[3.684202591781859, 4.534049021927949]","[-0.6566893456274132, -0.26030904127143756]","[5.688495974561566, 4.765492464854109]","[6.299871243530605, 4.285958256222545]","[3.9817460985822715, 3.9140368292582934]","[-0.9080240755212109, -1.4123037013352915]","[4.212963721066701, 4.02173435073376]","[0.6820520657126199, 1.4872461553359273]","[2.897399308078978, 4.326460352102757]","[1.1701987091966037, 0.13429649724779288]","[2.412615421612916, 0.7846042878980238]","[5.763668149718995, 5.400737253691613]","[2.012270445700765, 1.0237095461069814]","[0.5222506360177785, -0.09791524644290406]","[1.1734422766324448, -0.2725447213618092]","[1.669069525826331, -0.9425580057918763]","[6.605619832565118, 2.9192594746090217]","[-1.3919583809517313, 1.7041020780591178]","[5.040307699330248, 5.89493006156556]","[0.4822489526806572, -1.2376624223272978]","[4.964579859308491, 4.472933881760226]","[-1.2070216478572156, -1.0753123930492379]","[0.04091917539572113, -1.0021874557814727]","[0.08865759096143744, 0.1973157074055956]","[6.086480122890382, 5.445759851217129]","[-1.8465730478044171, -0.4286545269165333]","[5.625318334021503, 4.830725561667375]","[6.469784258787495, 4.377729777106004]","[3.8768049491246224, 7.045654547677154]","[0.17528677893392386, -1.3367254388759306]","[-1.1225448062444139, -0.9175028210142636]","[-1.243863235391285, -0.6929051977959073]","[-0.531454551359215, -1.5678594253654559]","[0.06783851391693768, -2.0199273321561364]","[4.012477037573006, 5.7413198169079145]","[4.600100009890683, 4.254832229682649]","[3.901320626565615, 5.044569610889272]","[-0.42018681709585726, -0.2817846088605072]","[5.804933390732326, 7.190417001188424]","[-0.26451484131061076, -2.0038623644067535]","[-1.6275424378831627, 0.048084946661381994]","[3.8968156187669063, 5.820553502887897]","[-0.19003903500149447, -0.3574454228104272]","[1.6324113039316352, -1.4301413779606327]","[-0.26888869055483056, -1.1065259087416703]","[4.673464147465429, 3.8290751061925463]","[6.811555773193913, 5.579076300875503]","[3.7068777495950296, 5.083872501760934]","[4.150279078522304, 4.517016073927159]","[-0.22485598180807856, -0.6500025808234597]","[4.123302914380707, 5.66045995235155]","[-0.6947131310890582, -0.409282438113104]","[5.931665966868095, 5.395373681185665]","[2.6443433470170348, -1.5029703283951532]","[4.9162169001109355, 7.254038108921119]","[0.5839281853259639, -0.35929209078705954]","[0.7007006121205837, 2.814654444472553]","[1.1070806692869728, -0.12038116395359824]","[4.288680089453432, 5.595131185913768]","[4.3657252831826865, 6.12884748754939]","[2.808021343720119, 3.577765498493126]","[5.247271452108756, 5.886579492757649]","[-2.1943824698200243, 1.5994709401137894]","[-0.7345915767980492, -0.810252437014381]","[1.6786746733725662, -1.911640550651757]","[-1.340072071123935, 0.43221669075925395]","[0.241321934916781, -1.151014083619507]","[4.976949443914534, 6.278575167939374]","[0.028744822934817487, 1.2784518626072987]","[-0.21566763754763232, -0.8729610904537004]","[6.27103009943114, 4.672926569136213]","[4.38163497995587, 4.2051063529983095]","[4.988484911923355, 6.030659808241559]","[4.799314781624671, 4.595304143136674]","[4.924328927342937, 6.5375513190343435]","[4.715210590484605, 4.002735042031585]","[-0.7397711639729673, -1.3346106069102326]","[4.665197012555498, 3.206078886808037]","[0.23007075919140207, 0.49774308909139425]","[-0.47917423784528995, -0.18565897666381712]","[5.548066924707171, 3.660510633471341]","[6.04095417379779, 3.734741590914785]","[4.246796218409029, 4.886407838298036]","[-0.6416668201303823, 1.665351917623531]","[5.002925966679438, 5.177908391411655]","[4.425398141816609, 4.664221382259578]","[5.987861582406509, 5.459204181599529]","[4.366727295289728, 4.903239896813111]","[0.11053531747394013, -0.626315276183007]","[4.882018905392622, 3.843003544335636]","[4.529744283733643, 6.498546360669854]","[4.441866740342549, 5.994378730992047]","[0.6954024745502987, -1.1410085097527383]","[0.08446678638994742, -1.06925449375508]","[5.274038840649303, 4.734075805927567]","[-0.05592044852221312, 0.3379575282321183]","[-0.2430611988808665, 0.0022879361435040493]","[5.395914220958045, 4.882827995025624]","[5.521215791188725, 2.9156683786571995]","[5.618360566259665, 6.455600479257298]","[0.24608361531640882, -0.8022800271395435]","[4.346257970193032, 5.915402970484937]","[-1.183258512665775, -2.0392321777601006]","[6.078125395794772, 4.913782901992548]","[4.624592553516038, 4.951170164066297]","[3.9543050291220876, 4.791082042629128]","[5.967794469003426, 5.398992157501696]","[-0.6465728842425266, -1.081548003614395]","[4.338862887809028, 4.799428819344231]","[6.392038751587092, 5.111129375296512]","[-0.846793718068405, -1.5148472246858646]","[-0.13216935564437185, 0.07227896538428889]","[3.2893966455634858, 4.606909799298538]","[1.1218615047942522, -0.18667896231344497]","[3.243131300598498, 3.7310174227455013]","[3.879582081063611, 4.245133803428079]","[-0.4749453111609562, -0.6533292325737119]","[0.1018562952619867, 1.5490201514951873]","[5.435546318992364, 5.166485272577147]","[-0.32948930021798606, 1.6748596729140648]","[2.80249899473797, 6.26871389457657]","[-0.45909031021899177, -0.6946003691631446]","[0.508608373233442, -0.4303093199546424]","[5.019995486206419, 4.600173265713473]","[4.048815629612044, 4.658178179753865]","[6.050049041553427, 5.324658235502518]","[0.3506300992735592, 0.4891871301476635]","[5.685857818608419, 2.8462694262085386]","[0.26402008133367, 1.2723535001067678]","[5.863528242521522, 5.1714693175903905]","[-0.5258796758952039, 0.17775010626803134]","[4.766102199546406, 4.8039067893230625]","[-0.47579544400490115, -0.8261119917145421]","[6.895507345991355, 4.84967162623629]","[-0.6143231440962944, -0.7097889922335351]","[4.031516353038104, 3.618230811432296]","[0.6891644570743356, -0.6836342822863877]","[0.6404797952008238, -0.19050310599781134]","[1.5301951988633513, 0.664927162301741]","[6.048399887813541, 4.918932894564583]","[4.211952376766992, 5.656929066342088]","[-0.955122579349353, 0.42359906559346105]","[0.34980002456790754, -1.0040545968420103]","[4.459623661012945, 4.198516078168993]","[-1.2172826922204794, 0.15946250680412918]","[5.1776980457902395, 4.205340815854196]","[5.1501356539562035, 5.712481764433805]","[1.8466369960476658, -1.0700847663261526]","[-2.172669546014036, 0.8474216771504216]","[4.26532890632314, 5.955935822330762]","[0.17086543812794186, -0.18398333635267913]","[5.669438371542468, 4.887873556388655]","[4.468068491707908, 7.632386204677498]","[0.058984221589597374, 0.446872500802698]","[4.057939816425755, 4.452004181258863]","[5.624817823053875, 5.804942573637347]","[5.650667628792086, 5.425910967101411]","[-0.8084936028931876, -0.5017570435845365]","[5.148547903592639, 4.698266946041365]","[0.25972250172148187, -0.9043166251044086]","[5.6443105001082, 5.146475611653318]","[5.948142950472049, 4.6940455684684075]","[-0.03361256470371301, 0.4547409121411344]","[-0.06468860503251848, 0.07287409801551539]","[7.497415126419854, 5.046006386736341]","[3.940788291627098, 4.499738983413325]","[5.114476058818779, 4.891472157435152]","[5.714745649888945, 4.766275942148274]","[2.271449745422796, -0.40439742318396127]","[-0.18714426500454878, 0.985729995679863]","[6.015392328675223, 3.828168699527475]","[0.21865930675729772, -0.4463205152343449]","[1.083051243175277, 1.053802052034903]","[0.7356219972457467, 1.78179890877106]","[0.9382838059759977, -0.5160447282173739]","[-1.153332403205745, -1.6873443471107104]","[-0.6074722876203072, -0.40436199269002276]","[6.357619633050139, 4.856418411287866]","[-1.0921212003485672, 0.1353383478922909]","[0.5954908976392573, -0.5898947564628909]","[0.6628812686674127, 1.173473857485325]","[3.568811666764248, 3.076783713790248]","[-1.9988889068612499, 0.03402958634668099]","[2.8731665122007346, 5.031621973910248]","[0.6504500925361392, -1.503080301759818]","[0.7290636450023644, 0.35116546762708406]","[-0.7303666317171367, 0.21645858958197486]","[-0.037634702424848364, 1.1033018820165215]","[5.8226824265741435, 5.335317256397308]","[-0.643549832317462, 1.0299608175811612]","[0.39241596717876703, -0.5089636257074988]","[5.720996952905636, 4.454813755273678]","[4.908031533796954, 3.918085631286867]","[-2.624817056374112, 2.549009708717722]","[5.022339239318608, 6.693547133413672]","[3.3332365932108026, 3.505243853550356]","[5.662168753947499, 3.5013645028507883]","[5.985399711450049, 3.4141543596141526]","[6.454826174146651, 3.363596980793515]","[-0.8874921778021001, -0.43745830032341043]","[-0.11564828238824053, -0.3011036955892888]","[1.8820244964750337, 1.3454200461549777]","[4.51058576550558, 2.2547004463276155]","[-0.07397286359437803, -0.07566560432583026]","[-0.4465149520670211, 0.8563987943234723]","[0.2790838583451852, 0.29156367668197275]","[0.30381859560487573, 0.7215625051261435]","[-0.0952955323869521, 0.27902152577033923]","[-2.169677417725702, -1.1941894010922893]","[6.103720013722596, 4.615510878958482]","[4.228730583322519, 4.497090349961981]","[0.34767648353833636, -0.4872285641135523]","[0.8584511166566653, -0.2346205699574138]","[1.4469778843537329, 0.19655477651157463]","[1.1487657003721035, -1.7397137787780996]","[3.4263709778830154, 5.372081478667386]","[0.19652116970147013, 0.7090037575885123]","[0.3384964074944141, -0.4152879139008013]","[1.2769653860881878, 0.33802348110170816]","[4.717874223066088, 6.23070290498447]","[0.2029230208512997, -1.515744114997232]","[0.17770100093325383, -1.3353443587101013]","[4.009263081258716, 4.9357962050472866]","[-0.42930222451725997, -0.692420979873856]","[3.9142522892184504, 5.029796165121424]","[5.856737421470458, 5.398048216509262]","[1.0176614668435024, 0.271495310825648]","[-2.499405714873573, 2.2909425725907417]","[-1.9673250642259945, -0.021244779276242128]","[4.045561373709036, 5.506915720136311]","[1.0775997483816577, 5.28378802783808]","[6.205818420716043, 4.063204765040617]","[3.8566610089161393, 5.087473753680739]","[6.271065326007033, 4.019937698159386]","[6.037005324369159, 4.724517684820977]","[4.78480367643982, 6.143398107149553]","[-0.9733788380270346, 1.0071333364731596]","[-0.8130143722601298, 0.8232799156777053]","[5.61908316938801, 4.624491019360501]","[0.8339221545489041, 0.4591800792284367]","[3.517768576322691, 6.151665583047476]","[0.9843223984765838, -0.21398884422550896]","[-1.344450511034277, -0.9186519464841982]","[0.4968735905075971, 1.0697714549838502]","[6.272428382816596, 5.217405852727003]","[1.2468917155347194, -0.062004009366031745]","[6.589147301636457, 5.501129276064576]","[5.297227221585087, 6.667256841749534]","[-0.18289644110484016, 1.3748764191481848]","[-0.38245239766929023, -1.9759632998916197]","[6.137381097628914, 5.399469372602185]","[5.489130556649288, 5.055170637871464]","[5.9102157836647455, 4.816471827842847]","[3.8788659872420777, 6.380138938868515]","[6.900649041722087, 5.393295138166481]","[5.50436506571841, 4.458700905037761]","[4.355071539677702, 5.79326249595503]","[4.656664824147551, 6.142207392885558]","[0.2167755637626291, -1.097302527632844]","[6.227273822081263, 3.789839497019115]","[6.143361530205828, 5.184858654060364]","[5.953009498214049, 4.700122525503388]","[-0.19370537980496205, 0.5402879440356954]","[-0.0771017094141042, 0.3411519748166439]","[5.223926873946606, 3.053474713641136]","[-0.016610342325908987, -0.10581875749769788]","[-1.6320148850264173, -0.9049478329380662]","[5.118350065655177, 5.391551175260094]","[4.509387765973347, 4.7172406723706315]","[5.6436687530224905, 7.077343439569953]","[-0.18047991359062565, 3.193107567844861]","[-0.5888668267386961, -0.8372624310497003]","[4.1494346104965665, 6.454538460887758]","[5.530683123010048, 4.336563842780512]","[3.4285800016616994, 4.067628756818013]","[-0.2656045602861052, -0.39987823866837147]","[-1.6167133749480143, -0.22938233185546722]","[2.049812095785926, 0.000682818957482628]","[4.9063909766336335, 5.009226992995469]","[-0.8108575112103382, -1.2575778589146163]","[4.484829100907982, 4.87348110304605]","[4.342964762982676, 5.994558235741621]","[3.6279208127303857, 6.179942130038464]","[1.7359638031652493, 0.1979107834626478]","[6.540441239776674, 6.2553497802884745]","[5.824102896855706, 4.835850587278226]","[6.057427287114136, 4.919184426836442]","[5.694326381149299, 7.572752389244474]","[-1.8437935834807457, -0.8903178480198718]","[0.1920491164900316, -0.3091164642025014]","[5.386586229905192, 6.3592975993648055]","[0.1664522082130561, 0.4924512640081491]","[-0.877982586756561, -0.82688035403986]","[1.0062928092144405, -0.5768918695231487]","[3.0231784310524095, 4.504784901995265]","[4.659659517117097, 4.774277368387865]","[6.188806241193157, 4.334954081996888]","[-0.6997255079925856, 0.213979910734222]","[4.98210502299165, 4.023599951336203]","[0.82206015999449, 1.8967929826539474]","[0.9817654869915943, -0.32483138350862245]","[4.906096431286953, 6.163000969705304]","[0.4802605014059249, -1.0551076754804494]","[0.2671266510114834, 0.5087250232299338]","[-0.1108125602790875, -0.3882430535215389]","[1.6296421311127987, -0.3726755839519746]","[-0.43277388358838864, 0.7938184671438157]","[5.921025839730993, 4.520281103233864]","[0.756788679986982, 0.6124687940136023]","[3.84454820618234, 5.725081044447508]","[1.2528426344274837, -0.4482246163001494]","[-0.6862791357550845, -1.4326712897396527]","[5.613265544661144, 6.137776780668663]","[0.5136001065697166, -0.5327008396619114]","[6.782905600065144, 4.752659612974843]","[-1.3719011429313563, -1.6135613978767411]","[2.8435546229949673, 4.628742629329606]","[-0.12545426000290022, 0.3278795241593574]","[4.604953147830432, 5.309046835024035]","[5.530894314215949, 5.8581390709340155]","[5.5529052285994815, 4.063407993756358]","[6.556416035571766, 5.932895355193809]","[-0.213442870930208, 1.490726136849952]","[4.602884668432147, 4.958528222000853]","[1.484116028535965, 0.35561334878566]","[-1.3734028889697492, 0.5199021395287525]","[0.3733485597113982, 0.3123782104665717]","[-1.387868550455802, 0.7638603516334226]","[4.267073961891465, 4.259767747451292]","[4.936610147965189, 5.482790124060318]","[0.6725737012027313, 1.8998819348952156]","[-0.39305275706140097, 1.00163182520856]","[1.1039335467019071, -0.25628082425157245]","[6.966916962508254, 4.960855973031658]","[1.2171585208254965, 1.5213160519224513]","[1.0703651602299298, 1.2718924219386565]","[6.63012996487441, 5.370340267328846]","[0.09175248444837286, 0.2522403964266774]","[-0.8304444065565653, 0.5225141052657575]","[-0.26864575330974255, -1.8363597837703973]","[0.21668311896428621, -0.3033500674771342]","[5.059909774079504, 5.123754642524277]","[5.1871071001250915, 5.388424613677507]","[0.5348173363459102, 1.2289805024890619]","[3.9495623712440326, 5.846118469295933]","[0.486036289417637, -1.5473039889383655]","[4.781994368878876, 4.968738585845754]","[-0.007972641316617372, 1.4799441388900259]","[0.08520944963390106, -2.9911359709007233]","[3.4941675946693795, 4.950089766958838]","[5.138078408417547, 3.113871296048974]","[-0.0827150238964932, 0.24309172766069878]","[4.521445733282282, 5.515660630083394]","[6.462254604034729, 4.709546083772211]","[0.6662696720435232, 0.5779785236395572]","[3.667551652105434, 6.171167632706147]","[4.202561882929901, 6.074529790229931]","[-0.18144906924751675, -0.10633700253131496]","[2.5600845382687947, -0.09605989972464987]","[-0.44854283652786137, 0.23855495377373917]","[4.452808211117509, 3.748643817760713]","[5.623525798825859, 6.805416846419781]","[4.3035389102133115, 6.86419952588735]","[-0.5864151488887734, -0.6197721282538776]","[3.2476229048590035, 4.139270836604662]","[2.061503576636398, 1.2083662305931424]","[4.89201631398739, 4.887018876893389]","[6.209230647223938, 4.975713504329974]","[5.786406211995817, 4.440453714710531]","[0.05586393984449697, -0.30964971398806124]","[-1.8206033005485172, 0.2700573583914221]","[-0.5518581458924467, 2.5581992856682523]","[5.251003543150147, 5.179414171048841]","[2.649544147375639, 6.67286820189853]","[0.06447441481012024, -1.9754665663538713]","[4.7506303748275185, 3.836957349715398]","[-0.7877837519082389, -0.620847598251116]","[6.6529130512304215, 7.077777585198445]","[4.947244891999234, 5.653478981951741]","[5.046211603670917, 5.748936113805927]","[4.33266661878352, 2.758084065491087]","[4.4494129329992935, 5.509689231224656]","[0.6087355891244169, -0.5571305725722312]","[4.6156126234070785, 4.794233006322828]","[0.822544912103189, -1.2208436499710222]","[4.958708638215339, 3.5254973129517646]","[-0.45006547147924364, 0.6228499323474987]","[4.1997067183926236, 4.982072031750201]","[0.1053755061459599, -1.3340254949182044]","[1.2005316584738726, 0.14035986984804696]","[4.425917422912731, 4.718874515111914]","[4.184090464851447, 3.846293676369636]","[0.19613145902390733, -0.9040682897360003]","[-0.09363618873917084, 1.32579664754219]","[4.2201933242624, 5.991926309886955]","[1.0325462043416573, 1.1267051368275833]","[5.800701947545576, 7.059845001737402]","[-0.44594371386116016, 0.11314045705302281]","[4.031664136746441, 5.248305475735984]","[-0.4523063192490767, -2.4238793266289567]","[0.30989477938063453, -1.2735855485965992]","[1.4033699701251907, 0.6979032725390276]","[6.626430734608859, 5.23604306382437]","[0.30734561670797006, -0.24775241823970925]","[4.433186682197661, 5.810913772615696]","[-0.17018462252492844, -0.4532280493272752]","[1.2554036094598964, 0.9458696436841456]","[1.188596823087008, 1.849362141386381]","[4.811797561227179, 4.896413146594219]","[3.822968368546929, 6.56235450937323]","[-0.6881503451777238, 2.2524358053443088]","[4.199777264600097, 4.447307046216503]","[-0.09170602414512598, -0.8877695115385407]","[0.01282864354368512, 0.479827035366833]","[5.037563351381111, 4.847981094367302]","[5.569758919704179, 4.675823138959359]","[-0.952316380738797, -0.6769951384585313]","[5.082441766634842, 4.630681229841811]","[-1.2221278088919454, 0.7129984301723881]","[-0.6286543050745702, -0.27751361886023346]","[-0.4806479414882414, 2.5393816227828614]","[5.862754591952687, 4.169929504870763]","[-1.2946814757209058, 1.1608267873785194]","[0.7821300015314592, -0.7908993816675531]","[4.11428620020031, 4.375165381565518]","[5.312865651490911, 5.065737660047287]","[3.895548172145004, 5.433541610472529]","[-1.3307051313309262, -2.1779677321946878]","[3.485585937601879, 5.548700476394901]","[3.0279109733561818, 5.288028368305489]","[4.8414623075835435, 4.081980938361035]","[4.806659050320377, 5.896797332033235]","[0.24365722370271442, -1.0902084067994298]","[-1.5769964821909972, -0.8028244439508423]","[-0.6757080791616118, 0.0341524174880246]","[5.087357425260263, 4.269186874391247]","[-1.0872459388628026, -1.0858251288851855]","[5.148780634807305, 4.828743695175065]","[2.6210039592467758, 5.670049671815524]","[1.6238849928111523, 0.3831681897589003]","[5.851124098380238, 6.2238559185425935]","[0.742095372009307, 0.2992925804064919]","[-0.7961368031864954, -0.9500634974661272]","[-0.4363858905265686, -0.10960980392583083]","[4.27843091765997, 5.13885603243088]","[0.39069592092814415, -1.326472128311083]","[5.007362681423567, 3.521453063001201]","[4.177834393310593, 3.712394716346939]","[5.690910957392193, 4.55519316182951]","[4.435803820139514, 3.505962206710249]","[5.014694095544367, 5.3861664979983885]","[4.027172107417043, 4.9624364906338085]","[4.027837782056675, 5.079579546556561]","[-1.5151910621985523, 1.3668742674445247]","[5.334327054553503, 4.71001864556336]","[-0.600638689918805, -0.2916937497932768]","[5.6595314695891386, 6.766511800327634]","[5.152525882897616, 3.4484625790318733]","[-0.04946370965243295, 0.6748194921666038]","[4.073836736516792, 3.7905646710409413]","[6.681492457418015, 4.116131104859271]","[4.926015218463731, 4.590679785413315]","[-0.18592448094877073, -1.5993947621943112]","[4.7879103300795745, 5.542203006909048]","[-0.19236096478112252, 0.30154734233361247]","[-1.0455294856740531, -0.026260793269852138]","[1.471034690817104, -0.6994952201676432]","[-1.317131919946585, 0.7760279138434754]","[0.3686733088729012, -0.3933388123273607]","[3.848002452420857, 5.1090829703498315]","[1.2000789564268612, -0.49190244750620515]","[2.185094895036112, -0.6867153430032953]","[0.9751976297824297, 0.5010941699398452]","[4.011127652364416, 4.509127105106434]","[5.287272514027427, 5.943715505756044]","[4.8597244144495715, 4.6644841679669335]","[-0.3427145165267695, -0.8022772692216189]","[-0.08923415422144892, -0.03757064497948127]","[-0.4536363875916828, 1.7262265456356325]","[0.386382653848061, 0.8377642215465891]","[-0.6492775450660071, -1.2239402667622565]","[0.44477380783159476, -0.8256536828021421]","[6.000820497768414, 4.218327927653112]","[3.8430586027705287, 5.322504660289905]","[5.709410980586605, 4.859446514497568]","[1.196631486645651, -0.6097829043193822]","[5.247480547640104, 4.990335578686653]","[5.1587560509375425, 6.156006669451127]","[3.8218203126657233, 5.432850402519974]","[4.666513719030305, 5.8852563208659605]","[4.88034109752685, 6.514280735720484]","[6.199299572921586, 4.967723105897382]","[4.9173022549816015, 6.136191374642542]","[0.4990958161377494, -1.6922708316433286]","[6.7754908492400485, 3.520803981642233]","[1.6153756894694418, -0.3223204692113399]","[3.9031249206160137, 5.8220660780325275]","[4.80701863223931, 3.217884918015171]","[5.113970668127772, 4.206540270116529]","[-0.39210815313215763, -1.4635149481321186]","[6.069283706395183, 4.791794742010034]","[0.8794170411374032, -1.0773760769847582]","[0.8071225966373103, -0.9735461997044687]","[0.028181157369128247, -0.009118996644203544]","[0.4967141530112327, -0.13826430117118466]","[1.4621959387176369, 0.4486357645145273]","[5.3583445110760035, 3.8034420713833135]","[6.447796418457866, 5.938640022678944]","[3.1417085117748926, 4.49230587161029]","[-0.6671890847775054, -0.732968899123759]","[0.03149156226199577, 0.6900736763366125]","[5.190223221844894, 4.620375503323166]","[0.8580141953021454, -0.8281962729652346]","[0.5560220968422908, -0.5912847888018945]","[0.4395012306202264, 0.7789365035121141]","[5.693217601658704, 2.9723227283291513]","[3.539499100581512, 6.1912606816318325]","[5.539950900755103, 4.570008591385161]","[4.902654031107267, 5.778774307977782]","[-0.6786430612941032, -0.31823752774262026]","[5.823423184562311, 5.94563342756763]","[5.035371417088639, 3.9132891886152725]","[4.888681151202199, 5.299085734021106]","[3.8931297084659433, 6.334506133337838]","[-0.5741006752835983, 0.5364138998913434]","[3.231843088246768, 4.699325639556317]","[0.15532499919940146, 0.3981472651225371]","[-0.9815086510479509, 0.46210347426327075]","[-0.6300249795338944, 0.7319555025098458]","[0.99626681944714, -0.4937565831613125]","[-0.5286166817497568, 0.5863640187550933]","[6.010274586836015, 4.955638544488439]","[4.77532009837013, 6.07502121451091]","[-0.2775442563155516, 1.2912738390158789]","[0.9324348709546673, -0.4151002889633696]","[-1.0896330373423884, -0.7847619081277034]","[5.896499670200166, 2.2595735779650687]","[0.04522270899998256, 0.05119790188108534]","[-0.8181988834223072, -0.0033744574109520514]","[-0.05310680169691065, -0.5509818035382495]","[-0.9905363251306883, -0.5662977296027719]","[6.237180800289009, 4.745523923354659]","[0.6220699903060487, 1.3289333195354096]","[-1.7811584144656334, -2.230468019124459]","[-0.7390286580232329, 0.6523303381766798]","[0.31952467078295543, 1.653617268492285]","[5.18863108156798, 6.608067247172729]","[0.056649924897107164, 0.5296927543567308]","[7.3674143640271215, 4.622235112477523]","[4.421540271123669, 4.9225057001070125]","[-0.5182526388612024, 1.3252760904370375]","[0.9163276747024814, 0.3464884758979927]","[4.302458057524886, 3.38117742801356]","[4.552038661550025, 3.7851938641113567]","[4.769213847897278, 4.203013331186122]","[-0.7589706989033448, -0.978740836309766]","[0.20726732939894396, 0.06934433703625043]","[-1.8665399513606162, 1.0075136898369221]","[4.900685662207968, 4.7275730990691285]","[-2.238231233324972, -2.120700152635066]","[2.7824089206412292, 3.8318221721498]","[4.700306504067111, 4.236534696690889]","[1.7120402840178925, -1.7476365098282616]","[1.2012139221639448, -0.4080753730215514]","[4.7177594080767715, 6.050774290472114]","[4.570099894792113, 6.677625442156135]","[4.3216653706645065, 4.385856468752816]","[-0.1858457521927473, 0.3099989831655551]","[-1.551512249058929, 0.6620518347584732]","[4.220624674739883, 4.348111417468619]","[5.018047252468224, 6.210674552542197]","[6.068792321394293, 3.7140002934835064]","[6.478121226099484, 3.5176032130042314]","[3.393743211598042, 5.394957970323307]","[5.094527567588468, 6.806089117836962]","[-1.6074832345612275, 0.1846338585323042]","[0.25049285034587654, 0.3464482094969757]","[4.716848115120125, 2.974960086323827]","[-1.531535315243643, 1.150267395898296]","[-0.535963445114048, 0.8080577982811451]","[5.218338750442161, 5.96793194876499]","[-1.3281860488984305, 0.19686123586912352]","[5.687902082892398, 4.65283851758155]","[4.6833204540657505, 6.3744849814275595]","[0.12522450264790727, -0.429405541125253]","[0.41293145427562433, -0.5637245528039747]","[-0.4835614838465371, -0.6121669171548207]","[1.0973001875437087, -1.5656480316055963]","[6.864048530411758, 2.858569119680295]","[-0.9680457585102453, -0.31030770538490365]","[2.1573082132655035, -0.6057149230033384]","[-0.30920907704986345, -0.7521564055905832]","[5.12079023250111, 4.249977318434283]","[4.1579013102786115, 3.73272331162727]","[2.9351347223163584, 6.221804684976702]","[3.3828281099544553, 5.346312710224886]","[5.79643036664211, 6.6639862798081]","[0.8745170741325226, -0.6497652268482671]","[5.7851850823103765, 3.2223190376297985]","[4.1203563244487595, 4.179671538867533]","[0.9720569657397219, -0.01330463537863531]","[2.0358735351817927, 0.4689780781484677]","[-1.0370660735699961, 0.66536893503283]","[0.8811467208133691, 0.0013256887344072295]","[0.6659242520544614, 0.4215866106144557]","[4.1656263877048785, 4.765420970380813]","[5.933810426074997, 5.503232384532496]","[3.8081252958087504, 6.943528881122197]","[0.6241198170521551, 0.6283455092642799]","[6.53914234581065, 6.572398210270327]","[3.578650054681453, 6.7522919091220315]","[4.980081603700269, 4.752119880921337]","[5.331647667125763, 3.9528424313097354]","[5.995415190449474, 5.575561925830365]","[5.470013661246662, 5.103381996212095]","[1.3173940656343257, 0.19759960469239965]","[5.2183889875441745, 6.288863425206302]","[4.994893367972775, 5.398763764424814]","[-0.23086637384476896, 1.4532606633210343]","[-0.6443402670219842, -2.7391402061374728]","[0.5219415656168976, 0.29698467323318606]","[4.540968326821099, 5.581723364970506]","[-0.19692180799688955, -0.46458107811561833]","[0.6002129657442777, 0.957932055215684]","[-0.09662367001488972, -0.4159669279473586]","[2.013387247526623, 0.13653533108273744]","[0.6793732829565033, -1.148794035158656]","[5.02012112958086, 5.891700581069575]","[4.758569435275007, 6.466782556898976]","[0.08450514569286258, 0.7979945496122363]","[6.85204004481367, 4.582216987486381]","[4.342865037721942, 4.302281096101755]","[-0.1769472274940494, -0.7982972445384537]","[6.1107531724146416, 5.755184973803943]","[1.513449743242131, 0.6308116845547775]","[0.597400069849858, 0.7011727423108983]","[4.415599023403969, 7.452369912868724]","[0.29307247329868125, -0.7143514180263678]","[6.6923465724632045, 5.144326471726036]","[5.418514559157055, 4.503348947871753]","[3.5805668034549902, 4.142557570452784]","[1.0268946182579144, 0.5995775412453558]","[2.71422275550505, 4.217408637451867]","[0.38130961226478466, 0.3116528560047783]","[3.396783153385904, 3.1851161705185937]","[-1.141689114133505, -0.19365945927971812]","[4.660688812861841, 4.95866279519083]","[0.6157711497711416, 1.2038844371688162]","[0.6385924587773739, -1.6615200622689599]","[4.24404929330808, 5.360441676292773]","[-0.6389617476895022, -1.3230897934074983]","[1.8325570434792018, 0.8141517621182666]","[5.736763345167897, 5.618860330144635]","[4.197728166065479, 4.495366257710765]","[0.5697672802322039, 0.44770856001731496]","[4.307042995468785, 6.026087440960004]","[3.9965610965004963, 4.6686477009121505]","[4.3988734473311535, 6.165916520255223]","[4.340976173340329, 6.328646411544644]","[-0.9194242342338032, 1.5499344050175394]","[5.779696182179494, 4.939845500594872]","[1.1631637521549596, 0.010233061019587049]","[0.7228268949855121, 0.11179915820338826]","[-0.13263374638257355, -0.9745293046706415]","[-0.375196380323937, -0.31771509675623405]","[5.1606499403531165, 5.6622629821596195]","[1.3254321090950785, -1.4068150094975382]","[3.791141135379278, 4.434062869107595]","[4.632796065788252, 5.287563905167328]","[-0.194908280352681, 1.1337700968670645]","[2.8901617593743585, 6.33932658948]","[6.431152117761741, 4.739963749819555]","[0.7589285897867651, 0.2811914239693758]","[4.959795265463621, 4.498008039818796]","[5.682338782059659, 5.9465770035733865]","[2.303638752104789, -1.479444223139724]","[-0.7798529462216388, 1.0819848092499422]","[4.022061164447361, 4.387577109099132]","[3.714400885947228, 3.384153529033168]","[3.7459773475714835, 4.001063623754408]","[4.817415121587558, 4.445406759567448]","[0.2766007655111807, 1.195480650825479]","[4.903999338266142, 4.8019402367810935]","[-0.09445871444200275, 0.41960997202411815]","[4.839440390498202, 4.444713897398964]","[0.18970616761039566, -0.6619821777966091]","[0.857898825291343, 0.5535695310677933]","[4.90487512244653, 3.5879243936843697]","[5.113456040056552, 5.185837628902753]","[5.123429181703648, 3.5417868861812494]","[5.480586758427712, 4.127011033110647]","[1.3705361439967134, 0.6952029000839993]","[0.7910319470430469, -0.9093874547947389]","[0.04128745558743938, 1.0371588986582432]","[0.28869362927985703, 0.2603218387712207]","[3.871658429734217, 6.272483330848759]","[5.258887515712706, 3.9341972886512417]","[4.911455785416988, 4.5461085838468716]","[4.954745698035664, 3.766898694985145]","[-0.1792510253569118, -0.11000549870105147]","[0.07959786237603639, 0.5540577711159071]","[7.935406206388468, 3.9720762349892613]","[5.745360724077876, 5.09352349643861]","[1.598321807641033, 0.7335478135058658]","[0.10705745299229676, -0.34514688113802716]","[4.632977385278358, 4.609590813578366]","[5.182914563620256, 3.1462677587808767]","[4.9758708895450265, 5.510600690410314]","[0.45588777208160763, 2.165002344901084]","[5.3247582395335415, 5.5805676870356145]","[5.566540987081656, 4.351530799980862]","[0.11339439196668935, 0.45899400167429094]","[-0.7955570679408823, 0.4243939378610126]","[4.300399191297636, 4.790624386688087]","[0.5868570938002703, 2.1904556258099785]","[5.629360633428892, 4.700930914769945]","[-1.5256563145700948, 1.262584103427182]","[4.225730077595945, 4.776333428196556]","[4.882345068397836, 5.015027750287097]","[5.681634223668389, 5.014108356253125]","[4.485911195632102, 5.8976557716497435]","[4.392431208220444, 6.568182429527326]","[6.474482007378255, 5.408610747563917]","[4.473444866863298, 3.6776525653167047]","[1.3171150673398653, -0.11806852699107874]","[5.3243457111949235, 3.963670803161837]","[5.934141442233694, 5.4334524416994805]","[0.2337859117907477, -1.5558956462036273]","[5.769031655442276, 4.47261093836038]","[1.3995946451457935, -1.342127748485115]","[4.65624348048989, 5.121461064199546]","[4.537263352003662, 4.6929516590748985]","[0.39445214237829684, -0.42098448082026296]","[1.5154448083522476, 0.3817341689625093]","[4.964903533215406, 4.146067091539944]","[6.4086194934459195, 4.874253702504228]","[0.45060341286253885, -1.869816339532164]","[4.850364055748208, 3.6630220418594455]","[-0.22104246353705057, 0.06936980265806943]","[5.292168828207326, 5.114845090277753]","[5.6369080790029855, 4.524874721555396]","[6.390972358001401, 3.644029655140036]","[5.40968534374655, 4.403006411579067]","[0.7946003829452114, 0.9736222494278469]","[-1.2995812369275976, 0.8297324178791745]","[0.34175597577715944, 1.8761708392158862]","[4.523123539356164, 6.677115870186871]","[5.054051662846001, 5.125548586651148]","[0.9694572005267368, 0.42719436187168486]","[5.312822236766847, 5.573767109901901]","[7.943048335268621, 5.724491060381728]","[-0.5353350870162231, 0.35845361820962024]","[-1.6394841625254342, -0.39247110606087293]","[5.53080158367273, 3.9268097259329506]","[-0.6068651778571754, 0.45768658605355206]","[3.5148138373000677, 2.950525514330319]","[0.6030946849488336, -0.8505352787470439]","[-1.307369782230964, -1.5978721344948377]","[4.614506759087642, 2.9286228206618428]","[0.12267031599479553, 1.6246784584695606]","[-0.5966290586117302, 2.0979393391324312]","[5.272517990229593, 6.030438785636791]","[0.718417423471641, -0.15774698323148525]","[6.416411791700293, 5.773239986665759]","[0.9079623136270489, 0.12347980916459421]","[6.7379849851235205, 5.428967948548517]","[0.47323762457354485, -0.07282891265687277]","[-0.7020530938773524, -0.3276621465977682]","[5.291378984815946, 5.03218508703684]","[5.139821358518211, 5.2384989256730545]","[4.238239629317354, 4.700303943335686]","[-0.9758732529773327, 1.0536417966078395]","[4.458526993492831, 4.897993719872738]","[-0.02435459226098284, 2.1422703586118637]","[-1.1509935774223028, 0.37569801834567196]","[3.5910392532079607, 5.2750022982918106]","[-1.4720370730267915, -1.37383482489866]","[4.127215046472357, 4.079847768542314]","[6.444343411979945, 3.3275954741876475]","[3.9763402538692856, 4.714313451907737]","[0.8458028725629282, 0.5140625524247758]","[5.032773637555781, 5.021222650834258]","[5.536807469224904, 3.750435088075995]","[-0.7811563781311142, -0.2598001407675125]","[4.120282638615444, 4.825732965533074]","[5.19821732772082, 5.325259498229582]","[-0.5358014630522978, -1.7073579575929467]","[3.2058564888013996, 5.539764512828342]","[-0.9916966634403105, -0.6328802748847919]","[-0.9077561801469204, 1.5192839236417688]","[0.42961821913258585, 0.20768768716311115]","[1.633431532301096, -1.146345393018688]","[-0.42924442029866183, 0.5885532697707198]","[-2.553921134901955, 0.9343199112392737]","[6.176533253787765, 4.416277866437399]","[3.890249872111726, 5.323247187533562]","[-0.48720292119492714, -0.3519213178165091]","[5.776228504724106, 4.516066555048767]","[5.871555966288142, 5.32717055287779]","[-0.20866837122046583, -0.3126684457323573]","[4.848032617683961, 6.0601438186712695]","[1.5805406865683735, -1.0150941918278686]","[-1.0810633275998973, 0.6159356069442637]","[5.345620344651445, 4.937911301785713]","[0.6102161695892225, 0.15697296096843422]","[1.1008213984226052, 1.0613709648731335]","[5.707457710864381, 5.776931692354829]","[4.500752385505344, 3.126759888180848]","[4.719497946588382, 3.5971338427921453]","[4.212277566734481, 5.226292267243436]","[-1.1115802495135512, -0.035825578706462934]","[4.673386219338788, 6.985380395260293]","[0.4283166923752375, 0.07715649621771674]","[4.6124191087444295, 3.3346153617590004]","[-0.5589218472715883, 0.37721187506452086]","[3.970389028910599, 5.226931943800248]","[5.830498133985952, 4.094202786628852]","[4.118039235732826, 3.5572852139972877]","[-0.2595913513636048, -1.5031429531181062]","[5.52252076644239, 4.346862610070059]","[4.161499383616047, 4.257513222230401]","[5.679293819982349, 4.2898633931626176]","[5.957304822593532, 4.89390936465858]","[1.9925153531681183, -0.7666565877833479]","[-0.275051697151644, -2.301921164735585]","[5.551964259331828, 4.655901971737667]","[-0.3883469383011584, -0.30561911106831297]","[-0.4124790118879367, -0.7386974983295628]","[4.561150009521828, 3.860938492383649]","[6.715907631132694, 4.902474616254376]","[0.2531652380379812, 0.820344012612456]","[-1.7019022300183355, -0.5613379964422059]","[5.523323782728589, 4.199409657651895]","[-0.36244094140313216, -1.1196698946261439]","[-0.483186462299374, 1.5739867632900328]","[-0.09195678260426586, 0.016025282295160426]","[0.01300189187790702, 1.4535340771573169]","[-0.6243453897132241, -0.18452535765584954]","[4.518282949064474, 5.242602813054941]","[4.374226956268224, 5.229924345417937]","[0.0773683076476183, -0.8612842013282637]","[0.46667098196608103, 1.52100622715938]","[-0.30777823495300083, 0.21915032766393897]","[0.9190764829877686, -0.29027454418865134]","[5.291732725378309, 5.214110982286133]","[-0.3270173176097711, -0.21345677935043825]","[4.561572632784727, 5.6116015615496835]","[7.165521452206557, 6.054620628487318]","[-0.4776455826040052, -1.2551353719733949]","[1.0626572907875265, -0.3756336657655356]","[3.9873144366315074, 3.2400411178507498]","[5.105278623909678, 5.150602492844634]","[1.5287478505409084, -0.08104596472174376]","[-0.9657826328639593, -0.5385736732966242]","[0.36139560550841393, 1.5380365664659692]","[7.193449550288386, 5.955703971113867]","[4.814902350578781, 6.212129204233486]","[6.404316281994952, 5.245235847894237]","[-0.4597646158304763, 0.5433908278718096]","[-0.24869112618354708, 1.6073455760199926]","[0.7309589763762161, -0.6506598273683837]","[-0.4593608995402441, -0.8498443694647918]","[-0.5964114079688796, -0.2991817724274345]","[3.9440101880731566, 3.9499452101768138]","[6.923513487603454, 4.04695953663515]","[2.7442086689052525, 5.431009692130076]","[-0.9885911071509175, -1.103589317215771]","[0.5049872789804571, 0.8657551941701215]","[6.167217733304373, 6.588447176240112]","[4.7203872800953235, 4.872800616017557]","[6.134639699821057, 4.32808268953501]","[-0.17262913429083468, 0.638677139880301]","[-0.20585943088034037, -0.7465783465402389]","[4.2339547975996, 4.538732949501693]","[-1.5839028234857233, 0.7604146561442974]","[-0.637739984251316, -0.5309969550018176]","[5.5053371476473485, 5.527839349915587]","[4.570365021472491, 3.6988907336086547]","[1.2669111491866227, -0.7076694656187807]","[5.797975254581905, 4.44489077207165]","[0.8951932200277323, 0.6351718016819695]","[2.1247714030169615, 1.3313390619884031]","[-0.021367294348436157, -0.7472116791478234]","[0.132969674146876, -0.7001208149391732]","[-0.24123605785632987, 0.3520553965142968]","[3.3127209203588315, 5.831211103199756]","[4.520475005368216, 6.629318517441612]","[-0.013497224737933921, -1.0577109289559004]","[4.995737062356124, 5.859414254759453]","[6.574146786032409, 4.654092719333172]","[4.732682976832191, 5.44841324947911]","[-0.6792306531929551, -2.914255989816941]","[5.717263543783215, 4.140600789182799]","[3.4861694987551464, 5.630875603596156]","[5.256783257324723, 4.7715274561904595]","[4.090310211591666, 5.759500037516122]","[5.047298743128728, 5.694669124118585]","[0.6078965097165392, 0.1866091231563581]","[5.228482177718192, 4.913837895900506]","[3.745839013004396, 4.444983298455891]","[2.060747924881987, 1.7553408424432044]","[4.435710147280981, 4.407297177042894]","[3.0100537301788752, 5.33237683351961]","[7.666905222320009, 5.097155787086248]","[4.573400363713963, 4.875281841763514]","[6.1188945979306695, 6.274428426687582]","[0.2730107174943857, -2.0746400375463683]","[0.4929864585144592, -0.05751775300546313]","[-0.018708756445897416, -0.38851845308888583]","[3.446964722160179, 3.596441370436337]","[3.9314792459175614, 5.345414181643854]","[0.03139586553277644, 1.6075783063995104]","[1.3510157524870003, -1.5125289652988756]","[5.930533319324591, 4.339158803247419]","[3.4318556865799494, 5.457213063692514]","[-1.8707919210258557, -0.35151348404130867]","[1.1492733262856758, -0.7031764251258874]","[4.961676164302627, 5.818765970848816]","[3.71049993027602, 4.698420192208895]","[6.48547736927255, 2.9525628142292497]","[0.6127739050625697, -1.0534155631736561]","[4.925407322991924, 5.343597535178216]","[-1.8070413949318163, -0.27484530066979224]","[-1.015821818978397, 0.06167984984797165]","[6.411356861745625, 5.785345603010283]","[3.6353236740994586, 4.94752614393695]","[-0.8451539584261589, 0.5533889830744267]","[6.119687778553381, 5.283053162258653]","[0.8250982646676347, -0.8671302157109003]","[4.250584013043027, 5.337766099054601]","[5.428352913771449, 5.391828707716102]","[0.8995998754332507, 0.30729952087660933]","[4.551304317380516, 5.234259264456766]","[5.084865458361104, 5.685619374218483]","[4.588739569516517, 5.145616996826892]","[-0.372206776071053, 1.088748619704186]","[1.277664895788425, -0.5915713888358299]","[0.22530792204094158, -0.3695269288333586]","[5.491445510894402, 4.7709189690782905]","[4.447075983763766, 3.9418535687055885]","[-1.1789234912983253, -0.21966945235096014]","[-0.7908817916945654, 0.0340080962281468]","[4.408981544266568, 5.440059929023145]","[3.7464939876282384, 4.785045161921049]","[4.313395468151799, 4.154310688553478]","[0.9760407193559466, 1.399486426972343]","[0.5861658003927833, -0.4124138182164804]","[4.895032292436376, 5.612790741583289]","[-1.4511756900515589, -0.01208894784605456]","[4.570962751907334, 3.2952140942098858]","[0.5062409893059261, 1.4473056993918065]","[4.595842840520698, 5.001794872878107]","[4.571019282627581, 5.964769894302446]","[0.8868873900973003, -0.42076179368105326]","[6.89514861210897, 4.736838727940174]","[7.305636837367189, 3.984418620349455]","[4.7181551506029, 4.363123525793567]","[4.122515977844368, 3.592912805215983]","[-0.4836171395554367, 0.8417807747840127]","[6.244565160355256, 7.2314989110277486]","[4.926892697991062, 4.209229080914646]","[3.6791216446226827, 5.771401794903767]","[-1.4026052717996935, 1.7495767431869393]","[1.3764964500195378, 0.3131321400131553]","[4.542315438320922, 6.046712713775763]","[0.6523228784134196, -1.5763921569842494]","[3.1269941690693797, 7.044481557199944]","[-0.17529452990401284, 0.3993176017191309]","[5.434941038367898, 4.6060133187568795]","[4.513323677118403, 5.943597776272946]","[5.245291742636935, 3.7574991630806127]","[4.8517771111568795, 5.505261343174202]","[-0.5482687949250771, 0.8333339117803071]","[5.964155884171978, 4.694555297558318]","[0.15712791899094083, 0.17618982250269238]","[-2.5623336587953105, -0.19102776260016902]","[5.853015188243497, 4.721880135633666]","[0.9495541354413237, -1.4848979684499035]","[3.230949696260601, 5.366746407892257]","[-0.5353281859539227, -0.09053328230416077]","[4.664856861221807, 4.86466576607689]","[4.60656210372545, 3.0908025410227573]","[5.082864841868997, 5.473336675554967]","[6.671347575437476, 4.098624320102825]","[3.058141340620594, 4.9961958663292005]","[5.456249488528533, 1.955343460756838]","[4.815710998167288, 4.794160140078656]","[6.887625120626005, 4.034785923249452]","[4.5084555861930955, 4.372951385302259]","[0.47897982574639186, 0.3336621052869483]","[6.557905432318357, 5.992628102979429]","[-0.8604133652839524, -0.38455554422982535]","[3.9015907820374474, 4.380877051750068]","[0.11422764866203965, 0.1503017614618776]","[-0.005596018829046555, 0.6687416555925126]","[4.441204181115043, 4.687928067947267]","[3.5844759330862934, 5.977872272211138]","[5.236223646264233, 4.060844430229318]","[4.034173229104036, 5.236717121026393]","[0.42548993324023027, 1.197246923645228]","[5.166140613078331, 3.850258544632107]","[0.23402445435314795, -0.24852861807444937]","[3.6799228122626984, 4.7612473979365655]","[3.9928050124730214, 5.168230541183695]","[2.620793091029975, -1.1119670257741636]","[-0.8000385643976464, -0.0635245746153551]","[0.0005279588565972928, 0.6012067489291149]","[-1.443604262169765, -0.4829098394605177]","[0.594754341665286, 0.8534155587803077]","[4.338974945372506, 4.485061293566727]","[4.912984776681863, 4.416877168675702]","[4.078548976571079, 4.4346070297145985]","[-1.2395622860802396, -1.5028706086823893]","[-0.8036745679697308, 1.6391168054440675]","[-0.33477533210654087, -0.4036484632419967]","[1.1941094030473725, -0.9811655311396816]","[-1.187765239917527, -0.39732325255136186]","[5.673133692232969, 5.305085404706753]","[1.904136589573007, 1.6259589153620633]","[0.7424589135926203, -0.6375875420759639]","[4.78421287367178, 3.822238542008642]","[5.960613232503485, 5.791497435972957]","[4.931553507333584, 5.028775564080998]","[0.4535087125544674, -0.9822940342546795]","[-0.4888494217862741, -1.1196174332890112]","[6.285582234361679, 4.942938708568844]","[-2.0674421000398766, -0.08912003951278841]","[6.9531071982725745, 5.686956632098678]","[0.5765569630557664, 0.3112501545435361]","[4.099551538621974, 6.419455680797839]","[6.625330309075195, 3.6383249695363693]","[5.867187412827739, 4.502645628585907]","[0.6141667000434252, 0.7575077100473051]","[5.1095715800778585, 4.583561566751975]","[1.689188933651679, 1.669922781404639]","[6.519952005914299, 2.8642001512651944]","[5.5586952829218195, 4.595361479959053]","[0.8303358165442456, -0.8560838259088672]","[6.615872490122314, 4.035106699813616]","[0.15041890514357642, 0.3649610024662254]","[5.885577081695045, 6.781684786466851]","[-0.22710600778092602, -0.1417575540275386]","[5.049094731305671, 3.6482924679753532]","[-3.007632339693757, 0.5711794062192087]","[3.4227716290804993, 4.149802254185344]","[-0.6237689606958051, 1.9140313538667861]","[3.6598751043452142, 4.514321255424953]","[1.179440120721287, -0.4691756521047048]","[1.1910858547734768, -0.8186050266600786]","[5.136597395588752, 5.025385277972272]","[0.5500520990245519, -0.9683444548636353]","[5.318808339628256, 4.979078962616923]","[-1.3510743662080213, -1.3224579567435701]","[1.5475052013300616, 1.7958776730955217]","[3.6184082815364187, 3.2017852605908925]","[4.7410612034216095, 4.812140598991281]","[0.6191542610051978, 2.0574954697116987]","[5.342106039650418, 6.9172591484261226]","[-1.2165808041357096, -1.1215301474250274]","[4.29871042920845, 4.124185175353706]","[4.804214729031418, 3.9577284119527514]","[-1.0372461543264564, -0.1903386780836082]","[-1.1165244399486591, 1.2358116200069387]","[5.928015659151686, 5.20849197057558]","[5.772847838543723, 5.7831598877770105]","[-0.838585798447231, -0.8866809222834573]","[0.7093525144553172, 0.019458255518883118]","[6.508310748747551, 3.9997294772232115]","[-0.08973569428722672, 1.4401172154494728]","[-1.5255251709247388, -0.6919080698812444]","[0.43693816974634986, 1.1906462747863413]","[-0.8184286659420014, 1.532367724678116]","[0.22328091325537056, -1.1983921249520453]","[0.06428001909546277, -1.0777447779293061]","[5.557408556851185, 5.63221631403185]","[3.2823278516366035, 5.236142409879101]","[-0.11676591579524663, -0.6355578414044034]","[5.107229288419153, 4.500128965494968]","[3.9736463776101036, 6.5894412835616984]","[-0.29756350335999193, 1.3757068133116195]","[5.516396667786578, 3.754948776496005]","[2.8470864842424843, 4.969213497586585]","[-0.11453984525261789, 1.2378163119734618]","[5.688205306452883, 4.556393169792614]","[5.195076925422602, 5.537478704606428]","[1.502357052096028, 0.07409478041977519]","[-2.1782113197314303, -0.5294669635070083]","[-0.7837656655863965, -0.6905410523162594]","[0.9261775475316414, 1.9094166404701305]","[3.4927741796160614, 4.443282102142837]","[-0.2573000006177896, 1.0821123129931407]","[2.184096733380456, 0.570507208354516]","[-1.234348871879922, -0.5924642591528942]","[0.840620026504553, 0.5467335682013793]","[1.7584861746708795, 5.297160023808222]","[0.9638791167949097, 2.2105230015913513]","[1.0294574815983573, 0.8723153800284503]","[1.2065089665083568, -0.8169356709872361]","[0.09612077694098337, -0.4622752887050425]","[-0.9637589262106109, -0.9571509148950429]","[-0.6763923020592697, 1.8009404329108156]","[0.03279699541158651, -0.7584953347000695]","[-2.438817158276429, -0.13427916218630415]","[3.841396736340515, 3.1843510241211828]","[-1.0921636327180897, 0.8347513263248821]","[-0.6498268854974364, 0.08416823018569615]","[6.745858970273136, 5.722674824888299]","[4.3996143071288945, 5.139653689565351]","[-0.3187483152461331, -1.029811848541845]","[5.544459869527462, 3.9055056391651037]","[-1.0196953197088567, 0.2063617713254507]","[7.178562173991661, 5.194333463338233]","[3.2444944112953724, 5.4539052294413475]","[-0.2561797524953801, -0.24149744587077882]","[-0.01851313599238993, -0.2886586389201383]","[0.4933179008808892, 0.1848361236948739]","[-0.7717408145967823, -0.497961846817842]","[0.6709112482768751, 0.6037905202778941]","[3.763521713407651, 6.2744402278489035]","[-0.13418021067692457, 0.5193587456378881]","[-0.1601327955666404, 0.6713400764504657]","[4.609591261719529, 5.516144039586379]","[5.081277167591069, 6.1788434440256434]","[5.9442148402518145, 5.195162047141818]","[-0.5501152829365389, -0.14702542343084998]","[3.334874703695956, 2.9982598325237384]","[0.2094700836477726, -0.9845340504819681]","[6.992036635959309, 6.833896546024375]","[3.9106573622878935, 6.108444601722892]","[-0.12765468151819012, -0.56060763684731]","[5.478140575555808, 4.422771274289429]","[3.0962405943554066, 4.517122280708865]","[-0.7641867866378464, 0.8761739316930753]","[6.187427151682, 5.5212299906445415]","[-0.16306696394376388, -0.7449026448064491]","[2.3883719928704386, 1.184256645196173]","[3.0584321993797787, 2.6150944910494176]","[6.0421905769830175, 5.233285041087872]","[0.4964001177339411, 2.0750650393485417]","[5.627680417874474, 6.664641821966275]","[5.330613261090406, 4.434650047498906]","[-0.24269874782528175, -1.890010171182943]","[-1.176962112769968, 1.8205439079418155]","[-0.39719531614598763, -1.1022697404558555]","[-0.7316317389085281, 1.8904406851557827]","[4.017980502789095, 4.313267604432649]","[5.121478579329058, 5.314022602486115]","[4.382714293121113, 6.202249003361171]","[-0.5574917850078336, -1.3698029795790778]","[-1.5981243518837476, 0.46217266608194285]","[0.517659020469123, -0.7257438131534656]","[0.690472686121513, 0.26561699317253346]","[2.4457519796168263, 0.1292211819752275]","[5.325251675854344, 6.1792631585792295]","[5.498883194768212, 4.657851348872761]","[4.847145008185774, 5.4335624601918795]","[5.034887947089409, 3.6244891104312575]","[0.5583269125217224, 0.0760053914124115]","[6.405647597507963, 5.2007385407583895]","[0.5555126463422483, -0.9186865114860944]","[4.369154449209144, 4.702133195043139]","[0.08531814256502405, -0.8082657216409264]","[4.79979874569963, 6.399227950071159]","[4.80669577355203, 6.471585082569894]","[6.06216744758866, 4.676485053215543]","[4.90485187692268, 4.611520093228519]","[4.396703151221845, 5.573558836877425]","[-0.6245104550885774, 0.7469808401047098]","[-0.5621680265783021, -0.20922187374452778]","[4.00142961351756, 3.608016713202924]","[4.212825930013004, 5.203359459998768]","[5.994351519815424, 5.902271399943452]","[4.8688886613195175, 4.422465735980787]","[-0.39767969361460404, -1.1840305582225594]","[0.5211224283793383, 0.645215585950057]","[-1.542801515209646, -0.6327550298850391]","[5.4508123363318, 5.209686063574488]","[5.733179317422557, 6.3781426804976125]","[-1.085150526557798, -0.8254105299789551]","[4.978143252557876, 5.707231373804277]","[0.07005216311318138, 1.1618783026081905]","[4.757624541894889, 5.962210578581098]","[-1.548960525053475, 0.2579759812211809]","[3.8321346927082898, 4.671624740583198]","[-0.7114621940837048, -0.38445687897709163]","[-0.41462690057186313, -0.9951739598992374]","[4.80093744624013, 5.184827033621654]","[0.13988723283912738, 0.996118214911129]","[0.6515219913395057, -1.1376856704248166]","[5.207542294888742, 3.6532143378845654]","[6.526812663577266, 6.9025582052295595]","[-0.11510969392323915, -0.3459193290471707]","[-0.950910729687232, 0.31852100479887446]","[-0.8953463223630241, -0.4081008391602206]","[-1.1894118928673278, 1.6426729532559634]","[-0.12854629325195685, -0.6516751221564157]","[-0.34406395670422657, -0.37453415075025087]","[-0.7043436905427592, -1.4084612963635597]","[-0.15830547800966377, -0.18385389315920966]","[3.912251324646332, 4.876107636764799]","[5.215668770933618, 4.64745375726338]","[4.21342790844215, 5.332372333223985]","[3.984336769120174, 5.538211605492258]","[7.324698914323418, 4.471053237275301]","[5.362543091092961, 6.162648058686193]","[0.4097627959594974, -0.8610879101735704]","[5.476430166717125, 4.846739446600695]","[4.565205306627783, 5.815594244596163]","[6.089272246931099, 5.382033705716011]","[-2.703232292999237, 0.6778753195309076]","[-0.6277339060845056, -0.2880388739220764]","[5.01222354841517, 3.803334407715604]","[0.07156623721939247, -0.4776574467651167]","[-1.3598561409799192, 0.7462535660272207]","[0.3207857259326839, 0.19405194360587402]","[-1.2565068942792563, 0.8132051867479773]","[-0.04282338131157488, 0.058022734808395225]","[0.07595526791608741, 0.7426824183597224]","[-1.024186824329205, 1.8540925663341883]","[5.9458881565546395, 6.073621943907572]","[5.244098443502387, 5.273911086847179]","[6.612868370707128, 5.946618308330437]","[-1.6885051880685, -1.1200474224698722]","[2.403415585238275, -0.05761879703358539]","[-0.9958153947902291, 0.651136241823657]","[-2.0173387981224113, -2.832325924984141]","[5.855201507748262, 5.264290210153251]","[5.099014449487258, 4.477585271622491]","[0.3496500472996937, -1.5648027713620551]","[-0.06263957732723487, 0.24312345851289308]","[4.1442574200484925, 3.814078400813144]","[5.656898706319647, 4.2776525953849704]","[-1.9511018640386248, 0.1435879365051602]","[2.656960898348159, 4.385961838450589]","[0.7534194635024307, -0.6145387836910949]","[-0.2549772174208553, 1.5039929885826886]","[6.223793622513165, 5.949296498375316]","[4.942163387622406, 6.127788027111646]","[7.002427467644797, 4.692428582884201]","[-1.4183657329330317, -1.7608088119807759]","[-0.8756182533847572, -1.382799730964336]","[-0.6095122021592831, -0.186971302985446]","[-0.6690727386599166, 1.0399046873960764]","[6.530334564354411, 4.221905214167286]","[4.876863564647732, 5.6025802679783405]","[0.20475888240178416, 0.7658782794806148]","[-0.17909328501615626, 0.3958197810959231]","[0.993782214530439, 1.3739143852114495]","[4.185846743402396, 3.8347980000347115]","[1.1677820616598074, 0.2544208433012131]","[2.2770864980533045, -1.234511998422396]","[0.7223813578277714, -0.372833152091767]","[1.0294405559270405, -0.33689512678513855]","[4.171706239651601, 5.120198558746055]","[4.754827578148614, 3.4815843011713175]","[0.5193465142411723, 1.5327389130025777]","[0.28328787154614216, -0.25890497370407733]","[0.2867741123825862, -0.14720527868559727]","[-1.4110568310660818, 0.803154742614022]","[-0.29396694766418224, -0.07159925185806683]","[-0.48943944251822213, 1.044160877069072]","[-1.3192471945987674, -0.20298063739565708]","[-0.326673247509044, 0.1247520996639345]","[-0.6058608207588934, 1.7193779062072967]","[6.255145788374904, 4.502327476570961]","[0.2837510236615011, -0.9878733409007492]","[5.8452732970420955, 5.603781469552959]","[-0.5193963718261266, -0.3409078773460798]","[-0.7661208306106709, -1.128062554807694]","[5.114308753059248, 5.001803506356414]","[6.638960527599833, 5.908022662536191]","[4.8703269479713995, 3.4634693096179614]","[0.2799686263198203, -1.1254890472983765]","[5.068906133120972, 4.8673959217595035]","[2.0752608726252655, -0.6891878180895679]","[0.30740669780910074, 0.8157372125392968]","[-1.0469109826819396, 0.5366527525272862]","[-0.6220348055543814, 0.5827375831738644]","[5.237642656299959, 3.7892573733708357]","[4.774506576665364, 5.295511691590339]","[5.997059356453642, 6.1273500893554855]","[-1.1875984190295128, 0.3098207102270275]","[5.605404504762746, 5.472639762990012]","[5.516163022926469, 6.06542472359758]","[5.14542721740576, 4.296289600668567]","[-1.3015879828033312, -1.853018482897569]","[4.145506537261946, 4.596934131963278]","[0.36659824609684827, -0.9398797863273552]","[6.17066162931766, 3.3447752878105668]","[3.8876725303294193, 3.832242584100079]","[4.2274578881577645, 4.942036000331697]","[1.8614853337659603, 4.863010422306058]","[-0.1908722195531798, -0.19819567637971988]","[-0.08828204835125482, 2.5797093376543185]","[5.618556356977924, 6.98567641101484]","[-1.5630343065712535, -1.1794596645077804]","[1.5007597906343109, 0.8502217421134929]","[-1.1437262073206618, 0.10855970577652314]","[4.849531858505018, 4.336835409873817]","[4.055091277314933, 5.6457976416037114]","[-0.8617030702562581, 0.03003147916408217]","[5.686827495452839, 4.601672987118372]","[3.527645938489222, 5.733950478364238]","[4.3644589011844435, 5.208322508625592]","[6.311162296603617, 5.864069982138947]","[-0.10199471663593199, -0.8424326301263264]","[-0.9799255747822445, -1.9573385891339898]","[0.07580455819372633, -0.6771617115121117]","[0.9826831427699412, -1.4000707231830092]","[4.936726040103084, 4.340251358746034]","[4.9441035333864045, 4.921409204031181]","[-2.3629324355418384, -1.0097307047099375]","[-1.6151318159055095, 1.1647393544571714]","[-0.7296024698074095, 0.3614173172731029]","[-0.08743532877718108, 0.5483196275544987]","[5.68589045643792, 4.737766430617144]","[5.782027387574128, 4.0883826978460975]","[-0.07938842440570287, -0.3004659487207037]","[0.5027844268951942, 1.7963608229269636]","[0.0785770297191498, -2.128734094414812]","[4.568544355440115, 2.8799127848798256]","[3.241791123344565, 4.748882165357559]","[4.783476802463826, 4.060758459317993]","[5.463301510234231, 4.666952379024478]","[4.385055897483957, 4.174834100254462]","[5.297462053117816, 5.139497796147459]","[0.49201884799279927, -0.5260348426675804]","[-0.7019916878067554, -0.6629009175509482]","[6.9913704184169045, 5.392913510548216]","[1.1947628618769377, 0.8946471875738723]","[6.299987372262134, 5.960305168086668]","[5.313723182896907, 3.5153952080803474]","[6.3140749815246044, 4.051251304732]","[0.9583858198420424, 0.0516609768510798]","[5.551017060226299, 4.266517933321721]","[0.9873345165891019, -0.07595102364252276]","[4.251909017151338, 5.291658933189046]","[5.667065472728354, 3.4549435925935645]","[-0.24606248812994858, -0.8432465953161917]","[5.604051644921623, 4.589970588461089]","[0.33126343140356396, 0.9755451271223592]","[-0.6056155397368641, 1.8260097135469362]","[5.0967549184388, 3.385250137708669]","[-0.6017066122293969, 1.8522781845089378]","[-0.3486521344078592, -0.3492577043184288]","[5.572471411779736, 5.650965678779442]","[0.9500158286696456, 0.24300472205439969]","[4.563736967819971, 6.0481167592691545]","[5.320058191493245, 3.684561734112738]","[6.072929614507347, 4.1466005259608885]","[-0.6067002947652967, 0.21128369227947272]","[-1.556581898659751, -0.4281151609659125]","[-0.4432822511915103, -0.8848027140269009]","[5.1996104184027825, 6.094179547521476]","[5.5446245744993385, 5.449433515947263]","[5.658631952790509, 5.232194504642328]","[-1.006017381499702, -1.2141886127877322]","[0.4755884359285824, -1.746895691345555]","[1.642015160136369, 1.0098170893426341]","[-0.6870140996994973, -1.3505559643429832]","[-0.684629825760004, 0.7906255991627686]","[3.9343173021804336, 3.3162674323859513]","[4.146176912495623, 4.35681665797297]","[-0.4430440211284823, -0.47949296739924335]","[-0.019637798926681216, 0.5524899544171478]","[0.40373009033660945, -0.024195606390916165]","[3.991893493239572, 5.0849729626358275]","[-0.06267909727317188, 0.9551423205012383]","[-0.6078752606758179, -0.5391227031489786]","[3.5233427764819467, 6.057801007541919]","[-0.2188662517356257, 0.7662429750405095]","[4.676924257322975, 6.3355704555367565]","[5.337955554145025, 4.407759155187185]","[-1.1755946056248516, -0.8950698422766047]","[0.48206672733538614, 0.3687331473175197]","[-0.41299782214343406, -0.9266983088473107]","[2.7764258320628032, 4.481930980524943]","[-0.8506132529519478, -0.5410068657828994]","[-1.2002964070557762, -0.3345012358409484]","[0.2942241290134937, -0.234407800316322]","[3.2697372695156552, 6.333885745500573]","[1.649480894323921, 1.0706105599791862]","[6.532380382587622, 5.42053670590407]","[6.44694414638698, 4.339165764189854]","[5.250628232103302, 5.808571006890117]","[-0.6127886904843862, -0.38770155993598415]","[5.458389009957068, 3.8952253263584833]","[-0.41142660711600243, 1.1539007342557472]","[0.1566937282465246, 1.0235306441853447]","[3.7409350885518067, 3.9946848740027647]","[4.987956447040069, 3.8792323493037504]","[0.8135172173696698, -1.2308643164339552]","[5.851591045893198, 4.090319560687525]","[5.536389218847576, 3.328852835204651]","[0.6445184916452914, 0.9282456913443246]","[5.360368715904861, 4.089354912817511]","[1.1873860515647512, 2.589563642018614]","[0.8622235118869771, -1.4162270557926455]","[4.400360005178796, 5.41195299906181]","[-0.4263575962055433, 1.1484457091967548]","[5.947511908575567, 5.6746949778086195]","[4.29333089592686, 5.719599497624891]","[0.7109599682034915, 0.44426331148603976]","[-0.9006713825124801, -0.9642000714232447]","[3.0180355142612867, 3.500818798042302]","[2.9676462357016153, 3.678444213488949]","[5.001976844755811, 6.532873355636312]","[4.441769737602216, 5.612825321669321]","[4.587579930150093, 3.5451078347106897]","[-0.3631166611555665, -2.00745686074501]","[5.123906816521071, 5.614961232046775]","[3.2490244255947722, 4.822508116225717]","[5.180071037695981, 4.727066679774487]","[4.845350293439166, 3.1867065279828415]","[1.3204140097838342, -0.8744356483399182]","[5.248893969133256, 4.608843627747158]","[5.8229885920033215, 5.0415418405638945]","[4.866721284770844, 5.20548642756002]","[-0.6134026635409398, -0.30246968648812833]","[0.33385996656853467, 1.4313667818311835]","[0.8254163489880298, 0.8135096360006385]","[2.1709427174978138, -0.1758858124323366]","[6.7279638353817655, 4.530653533573289]","[-0.48083378951197936, 0.696167997159289]","[-0.22346598237185214, -0.3493167961181975]","[5.2201893142051325, 6.032389398126397]","[-0.4511588584089988, 0.5517407999109204]","[-2.025142586657607, 0.18645431476942764]","[-0.3917581490438219, -0.9224101844985025]","[-0.262746747686504, -1.5958939685741134]","[1.66125921454787, -0.45709625658627184]","[1.618787639660868, 0.415826629455343]","[-0.0059547092127293835, 0.784002779310748]","[0.5737444210044131, -1.276304416538336]","[-0.9403989164843533, -0.5607609069798603]","[0.09707754934804039, 0.9686449905328892]","[5.976431377198068, 3.867850859283993]","[4.44720908245482, 4.404694302306018]","[5.887803935578848, 6.398483993069322]","[4.77840030561496, 3.5590183654750813]","[5.926257491084392, 4.61399742435056]","[0.3418252139549665, -0.06003754168856451]","[4.065406105101529, 5.077585389486391]","[1.036087651046256, -1.422974925261673]","[2.2816518365388427, -0.6176416769336966]","[5.3857499681816945, 5.702659998499306]","[5.01342048538846, 4.986716911040981]","[6.21644738727708, 5.155511603763561]","[3.220561074576569, 4.466995918173666]","[5.638543317267599, 6.697623779709341]","[6.1615030484819755, 4.815123243754734]","[-0.3899237065594453, 0.15805348992013185]","[0.4308624190150374, -1.2756826599957316]","[0.20953423026279433, -1.0916251721591026]","[4.997631083867192, 4.456393103906947]","[3.5350252538951112, 4.331545089146823]","[1.2179591523055584, -0.513196364513396]","[-1.0084487325473497, -2.0858978777333372]","[-0.24338397937501807, -0.29983819627488056]","[-0.3301200939664503, -0.2116669819311769]","[1.7481370691208353, 1.040061819902576]","[5.554638708131807, 3.376082157430033]","[-0.12373268009975662, 0.45780560992578473]","[5.197675566954246, 2.478395198537957]","[-0.07964139124571515, 0.4523717962497339]","[4.578417688559707, 6.0450561452312055]","[-1.2361357960304624, 1.2543383607573395]","[4.249589872245344, 2.837967700072561]","[3.9263071538025356, 5.4583179391254415]","[0.2010990467149675, 1.050654396007612]","[5.003060116738573, 5.584622952486741]","[6.222711792831931, 3.33128613765387]","[4.34316453130557, 3.921684933370772]","[1.167509822986446, -0.7239647304677874]","[6.153502849781544, 6.16257366818784]","[4.467163731220076, 4.180733535810628]","[4.49336516621208, 5.239872752284725]","[0.861636124497944, 0.13906039865341766]","[-1.2601647651725802, -0.6163614080394775]","[-0.12903411512978377, -0.8516621743343933]","[0.11351734525124804, 0.6621306745210467]","[-1.4153707420504142, -0.42064532276535904]","[4.483385801239892, 3.976746776624416]","[4.690933763261739, 5.404823408808268]","[-3.2412673400690726, -1.0243876413342898]","[5.56477626431415, 5.684486133552996]","[0.6276062975618311, -0.2795074632965335]","[4.1718194361264915, 5.685656392513711]","[5.268413273694562, 5.250951020712043]","[0.18517553682991406, 0.42544486418417227]","[4.368758863759299, 5.599450686321704]","[3.8859186417669127, 4.36906916626221]","[-2.123895724309807, -0.525755021680761]","[-0.5443827245251827, 0.11092258970986608]","[-1.5537587660160643, 0.8178896580250287]","[-0.16711808031685435, 0.14671368643332283]","[4.1355732946642805, 6.589523036103863]","[0.6955377575657775, 0.849102110743144]","[5.182098245815862, 3.9640380713933605]","[-0.02355215087423812, -0.17435425790283585]","[-1.0952705188428047, -3.1767038131960006]","[0.24380071377119883, -0.5640786307367284]","[2.922880146226126, 4.764726090027561]","[1.1260502507721681, -0.05139372358848624]","[4.948490806246072, 5.375359696144473]","[-1.8400777445057528, -0.032280611049470324]","[5.092376791639924, 3.435377872664196]","[6.685701754034971, 4.353757675853405]","[-1.1958830620351844, 0.4446026682201407]","[4.699174043967702, 3.3726882720526845]","[0.22526411724754952, 0.6927227551168594]","[-0.4827435221820324, -0.9533286082587124]","[5.022350554966366, 4.0133409722758895]","[4.945221639661175, 4.0775870151560465]","[3.0454069955167244, 4.689603196244031]","[6.18516303143934, 5.898302549689035]","[5.16392406359343, 4.257340834227621]","[0.7114105794654951, 3.112910201043841]","[6.107721095982448, 5.566602148392725]","[1.534482101794515, 1.1223742187031596]","[4.892621381589954, 6.605677958082454]","[-0.9254246260595873, 0.2553837556743171]","[-0.9006207346478687, 0.638391925608383]","[0.14304876987895235, 0.8496119885162131]","[0.8419836954521269, -0.36920720044744615]","[1.301741289398798, 1.5615111967268527]","[-1.366878698415421, -0.22476540189268354]","[3.509752476700953, 5.1464142918426035]","[4.3943200000642015, 4.967957629319513]","[5.338758162280366, 4.871601734082391]","[0.03402741107223205, 0.11137260184005242]","[0.2257615231117544, 0.017613251933657315]","[4.949919401143533, 6.47170889836189]","[-0.4547947173776929, -1.0398065310268843]","[6.475112364309855, 4.8065723714187945]","[0.6095260452086012, -1.5553737338412423]","[4.515371435399919, 5.143417630681476]","[5.444895895009884, 5.850719394460647]","[4.433294891944947, 4.400178606082939]","[-0.1421465369405461, 0.33868731792169]","[-0.1044492185374715, -0.16882172319001063]","[1.7654542402810969, 0.40498171096095553]","[-1.8311448783383502, -1.2284438312657626]","[1.2119439853864005, 0.26125053123385605]","[1.3934545275244314, 0.7105491022977853]","[-0.0626482221218215, 0.2412402484067293]","[6.015937223563556, 4.5966202540313175]","[-0.6683451948468017, -0.0610756713523761]","[4.7011799109707955, 4.641755622092492]","[-1.0962750868952018, -1.4400508825942944]","[6.106231558859969, 5.200698694288878]","[4.866996836069936, 3.6791077174938387]","[4.916910672256817, 5.648881925903839]","[1.4288577078135674, -1.4741321320421057]","[0.32445860435251705, -1.803862792562365]","[5.247846281901825, 3.9296794513481625]","[1.8657745111447566, 0.4738329209117875]","[0.2965755451407618, 0.4631847952675847]","[-1.2803043986708944, 0.8724573282801447]","[5.684714854049892, 3.9230454591220534]","[0.8707466445884032, 0.94881309647162]","[-0.1087601484568576, 0.40171172209894146]","[0.5148835960763722, 0.8199252526352343]","[4.727155453659869, 5.9701750825678594]","[5.898669160339174, 5.037696573123923]","[5.103117582445637, 4.72870343685236]","[3.7022716243187674, 3.5378895448045853]","[-0.9896281365703375, 0.9407711879882159]","[1.617212574968624, 0.10435593752321293]","[-0.5655763678739903, -0.4713157211511179]","[-0.6022120603617805, 0.46877425607502377]","[-1.0263692076658921, 1.23000057271915]","[5.124376122300929, 6.598110895751759]","[0.25373966149457344, 0.4676931717654332]","[5.765437494375016, 6.477720295302075]","[4.988002655372276, 4.021976976477432]","[-0.44643361455052827, 0.19408999289830758]","[4.142266823394981, 4.615207976395929]","[5.534207862374675, 4.27325809511798]","[0.22899639245934025, -1.8579014513982872]","[6.536061181709528, 5.597537705894728]","[-1.703871586826719, -0.9244659881295544]","[-0.06357353918612146, -1.4509278911112242]","[5.914077164224033, 4.012953821063685]","[6.123427287095762, 5.676994097375054]","[1.44194500580189, -0.5123742406766936]","[-1.8316822472060261, -1.0513099116393445]","[1.4350873992222355, -0.34730228895784293]","[4.943211404113723, 4.109564247057339]","[5.533695248006193, 6.492952622753828]","[0.5720574417141441, -0.062191016999311004]","[-1.1105758454658288, 1.7522704434236227]","[0.42881650033057295, 0.6931056072631441]","[1.9870611116994412, -0.5309708978119645]","[-0.20149153394751798, -0.006521315229458062]","[-0.01941960588773261, -0.30317978283427544]","[4.675380325602059, 5.237731727905986]","[4.941279572895371, 5.446536506940712]","[4.500127569589148, 5.543032279289652]","[-0.2234627853258509, 0.714000494092092]","[5.799068073142299, 5.006131450435227]","[-1.1212437400943918, 0.9294099847908155]","[-0.32789471651291785, 0.15519068385897913]","[4.388914937523282, 4.759275696010949]","[0.7999419019420501, -1.616310608436588]","[1.2557561255735208, -0.8946073022195039]","[0.2952799406208684, -0.7764991404930003]","[-0.11464083550639245, 0.26426827164563654]","[4.8213191123920165, 5.752891081493785]","[6.639256516741752, 3.0772282279376637]","[3.6550722129348276, 3.9248969518832446]","[6.249710420184319, 3.94350292937474]","[1.2004139079444254, -0.6568942789713957]","[5.243134655138489, 4.5297966612146885]","[0.22445181855997204, 1.0470983026121545]","[-0.2788833941507565, 0.8451579711843216]","[5.28638674395539, 4.811405170852511]","[-0.17791787580439816, -0.912810919296513]","[-0.5172884501003722, 1.40934744018558]","[3.0354639618970753, 3.5188542753782843]","[6.375596964304209, 4.5959046881676]","[-1.4218106667418438, 1.5013336519554867]","[4.370779327152638, 4.293293231626994]","[4.371850600244358, 6.286382136995534]","[4.917486481088606, 3.2947923922239832]","[4.483153116826172, 5.619032946588533]","[0.08451847581532725, -0.7135846699071758]","[0.32782117284308526, 0.9242701395378298]","[0.25617060569427813, 1.193311005927126]","[-1.0501407396021456, 0.7574951493374855]","[-0.2646568332379561, 2.720169166589619]","[0.5873916998060122, 1.41418728833109]","[4.227807612195621, 6.665603213686527]","[3.770504842291912, 4.588076765614047]","[0.4818660617184915, 0.547264797377967]","[-0.21967188783751193, 0.3571125715117464]","[0.4367385517335095, 0.40429475496169764]","[6.753194802065585, 4.634847386801787]","[5.439486048008511, 4.901690152545624]","[-1.5311075025557221, 0.5142547560178349]","[-0.20902325728602528, -0.8505204542093001]","[-2.9069882193216414, -0.3748220566218061]","[-0.09858813228426173, 0.018849622944847662]","[6.446563291251367, 4.54014073768486]","[4.8854405725274805, 5.084094388250197]","[5.002183590837036, 3.624914766832915]","[-1.58358838978758, 0.41299891213779755]","[4.852659773378494, 5.963925423055571]","[6.237464591733539, 6.578342677497286]","[6.25761905635936, 5.4060561224280805]","[-0.8927875154918841, 0.5136144642310962]","[6.183549102581605, 3.835336651487605]","[-1.5708814571259122, 1.355572935710348]","[0.9603047962814704, 0.46248362406685406]","[5.0397138217196344, 3.5771230921884456]","[5.618068493930042, 5.346527018313]","[5.706505463547253, 4.980877820146293]","[4.567704820892669, 6.272714733971265]","[-0.3206676255571917, 1.7952113559123222]","[5.3912093272373935, 5.581781770628362]","[-1.4961588131646497, -0.9182121665097915]","[-0.8468509661253646, 1.2496189052966666]","[4.370766236612581, 7.914109215768361]","[4.9775639480194265, 4.942049458237283]","[5.272236725327388, 4.9427295891778975]","[0.6215718898560508, -0.36961033604363397]","[-0.5441140021141926, -0.1627929060722942]","[4.886841505543916, 4.4447269119868285]","[-0.4166253056154625, -0.06312301311124825]","[6.912688134356795, 3.67515421906726]","[3.8758781411392267, 5.102541439817522]","[-1.8179792253871547, 0.7597122954841684]","[-1.169916835710288, -2.8722622132816493]","[5.144310019435079, 3.166294232370565]","[3.8110588819466513, 5.4417606496494795]","[-0.3828171896129687, -0.12372894627483615]","[1.551151975522523, 0.11567463429285867]","[0.9192289345752035, -0.668144085538994]","[4.163805149295829, 4.734171634353007]","[7.53036966864169, 4.772107441234166]","[3.2527783330347444, 5.094621044669358]","[6.094798502227325, 4.194008268940585]","[5.715174390128058, 4.948881306984623]","[-1.4972576451786446, 1.2809395766667275]","[4.372459997255927, 2.9465134513441114]","[-1.1227220215622986, 0.3824097461840506]","[-0.3613105619672905, -0.06418416128881928]","[1.897767016745977, -0.9478927172689863]","[5.450962634776477, 6.006730071227064]","[-0.773789199103573, -1.244654703311417]","[1.4532754760425446, -0.07823065905851781]","[5.843790025881575, 5.316087822108933]","[6.029604361419693, 6.982470450168927]","[0.6862601903745135, -1.6127158711896517]","[4.826455582438612, 5.415802725720445]","[5.418704578292369, 4.986026771523926]","[5.491003945957753, 5.32982306086851]","[5.460797243615968, 3.477665681718256]","[0.1680153405325285, 0.9452115346114836]","[-0.03275327021599839, -0.543424771133765]","[6.157244547731025, 4.828504399611761]","[-0.17495975669540864, -0.7557451594928447]","[5.662536033398613, 4.177144098481568]","[5.053897347033207, 3.673737838050843]","[5.936056167936016, 5.776936702931517]","[5.672756787199422, 3.8214272152298263]","[0.8970661968871322, 1.2748750412787222]","[5.135859424081657, 4.947494931461348]","[-0.9855396007209299, -0.9697437196346744]","[2.5269324258736217, -0.5308687729203206]","[2.7552177437199017, -0.30561061415380336]","[4.81277267849312, 6.032657516622012]","[4.682239105982604, 5.116578512012464]","[5.826145616040516, 5.321652659591586]","[1.1535903433169254, 1.3863493972628433]","[5.794923113875559, 6.3491351051134295]","[-0.3540407109410238, -0.573601772896901]","[-0.5305011476105275, -0.57581824064468]","[4.537467033686621, 5.387679879032847]","[0.045491476330752, 0.5583364232117055]","[4.347049844167919, 4.450210640361966]","[-0.053120653017545344, 1.2235688824186275]","[3.9121069878907417, 4.315757819484756]","[4.676091146784078, 5.211879178828884]","[5.383455014854216, 4.008908864668387]","[3.676350429157821, 4.564098530909567]","[4.012134089860228, 5.723037939579864]","[0.018016872044446585, 0.47263034584340563]","[2.927864883903513, 4.795067525758392]","[6.21317918839159, 5.53289172022704]","[4.3588857397753555, 7.824330591003046]","[3.290773600797404, 5.391698016010473]","[-0.10343122429028392, -1.2390527025266425]","[6.174761800233038, 7.116012056830995]","[4.828326346075217, 6.098484876051819]","[-0.561842099351699, 0.4793609534294223]","[4.595204620579707, 6.132804697174807]","[5.254127687071436, 5.6970509788397266]","[4.825556065714718, 4.252570746750795]","[-0.7352010347632466, 1.6562082520572956]","[-0.7424705856980482, -1.3200225112207058]","[4.412143695091999, 5.230610848766214]","[1.80930634973311, -0.21804589539237385]","[-1.4480843414973241, -1.4074637743765552]","[4.866220627478761, 4.1395615319331664]","[-1.5614932224418594, 1.503419828428999]","[-1.4785219903674274, -0.7198442083947086]","[6.281383398123635, 3.1102965163784546]","[0.5002404694365699, -0.5336003064391669]","[4.371856260830822, 5.098933787028884]","[6.299149820547667, 5.667548080369996]","[0.0861108682589779, -0.7469232850701676]","[1.4196030045136372, -0.6004235657387051]","[0.2935375299686405, 0.24941768768504166]","[-1.911316891662504, 0.09297924652940966]","[-1.5929937335316693, 0.440474737960399]","[4.828820630203601, 4.933887606047993]","[5.240876757200407, 4.334306535106453]","[5.115596738679908, 4.970233511663598]","[5.48674150215806, 5.197313412290266]","[3.802042037659338, 4.573428747169427]","[0.4581681147886987, -0.9797212247168068]","[-1.2032008553891445, -1.042044412243103]","[5.390366194395376, 4.846094773025312]","[5.202383370598695, 3.443048913293522]","[2.319329539981694, 0.39331783939437187]","[0.3216785413765001, 0.16805980596682024]","[0.2270344788648889, -0.3240681752089702]","[-0.7076258948220261, -0.7121738641760436]","[1.2840957939481172, -2.4263920705352082]","[3.720352151650757, 3.875799903053022]","[4.5445329437502595, 5.244957093172004]","[4.051047172231322, 4.093097125277939]","[-0.6080061429373236, -1.014479726707414]","[0.6336610247740587, -0.6981996746110497]","[-0.48827384245154465, 0.6333268260712385]","[-0.22485305579485193, -0.9287920814524587]","[6.021635213827608, 6.436368034243754]","[1.5795721457307124, -0.5228600271532683]","[5.5105353784512365, 5.201738654796044]","[6.075221541181916, 6.047276408559463]","[4.502969309334091, 4.046842495244908]","[0.6386601686431024, 1.0581183250871502]","[0.7499002394237105, 0.27926783821652595]","[6.744861406623493, 7.404837542253973]","[0.08704706823817122, -0.29900735046586746]","[4.854966308471577, 4.878311314312731]","[-1.345870923473215, -0.8192578597214978]","[4.888152895913687, 4.547309851490467]","[2.657521662334653, 5.299671977337926]","[4.938902491994132, 4.251200203979947]","[-0.9741218462163683, 0.7034279167873088]","[-0.7217375533372533, 0.17682087213939798]","[3.9424853297065683, 5.623342300674828]","[4.916828228065381, 6.377335029528342]","[5.332719329585188, 3.6668519915227913]","[0.02246589281204638, 0.54711911517521]","[4.533381031824354, 4.263098647768201]","[1.6777008140764407, -0.5535882417079946]","[4.5430081661747685, 3.59177323169255]","[4.680092721997086, 6.390833548176643]","[-1.8408742313316453, -1.2795769667357015]","[-1.1195461283831687, -0.39352985596972884]","[0.12229750303228377, 0.5432980290363879]","[0.27242139665360987, 0.417465089821295]","[6.68331457592753, 5.3927683630511245]","[5.758981695460113, 5.4480783410128915]","[3.4942521994358335, 5.839944539742028]","[6.352362545926151, 2.6351446272084877]","[6.247303650664678, 5.135491372316762]","[-0.45965677227299695, -1.079842447781487]","[4.564289167615263, 4.967125514847566]","[2.2758254276476375, -0.8522246429973241]","[4.244539198607118, 7.233115917132176]","[1.0318445394686349, -1.485560373036972]","[-1.6929568141953855, -0.09833962679474989]","[-0.5177574472222197, 0.2178023397487261]","[6.592024898576083, 4.412262030680101]","[-1.4785862457798415, 1.143754043206929]","[-1.448013900416244, -2.198805956620082]","[6.007304357473263, 5.023385214658508]","[5.5692893232700635, 5.071668553880244]","[4.755971647828866, 5.2947192529023015]","[0.4795075480016086, 0.7289411945704503]","[0.33848384346169114, -0.29540141013902943]","[4.185601812553676, 6.500843030280379]","[1.1173988159024608, 1.4484992298929262]","[6.082999938516869, 3.9236188125979417]","[4.244501116866051, 4.898013345406322]","[6.329794365205076, 3.3244195503759055]","[-0.9896048202585809, -0.12578692009964815]","[4.720649752943078, 4.629068896392332]","[-0.40930847409572124, 1.0059245117964166]","[0.5298041779152828, 1.4415686206579004]","[-0.9393353938187543, -0.14408755572161547]","[-0.7271371758248686, -0.24751863555150475]","[4.4710015857968735, 3.9242633515583885]","[2.4791529934272654, 5.14880876167959]","[5.49200405410296, 3.8689313700650287]","[4.447738747887391, 3.902856350371186]","[0.732829081821745, -1.2742321190767951]","[4.858291278298176, 5.877826031239126]","[-0.7146806769904318, 0.5212799050138145]","[5.138635028530451, 5.498111995644542]","[4.5133688118107305, 4.9897943996090675]","[4.910796702308332, 6.610292980482871]","[0.37710039390218647, -0.029262813684978354]","[-0.8807540896027302, 1.798725018351312]","[-0.29424250563645765, 1.356583385827982]","[1.0560568090660518, 0.22323891412915967]","[0.5365098435704035, -0.8984679817910373]","[5.472815069927832, 2.277545859008061]","[5.255977146418771, 3.8807497577793564]","[5.397397023459234, 4.2525443460417875]","[-1.1430193120737286, 0.8201581867554845]","[4.381839551316372, 5.898511704551565]","[4.410084603750067, 5.331038902817213]","[5.5259372802546505, 5.243890941620451]","[4.929094637472631, 4.664833026773615]","[0.7060789138151315, -0.24268127681203333]","[3.674718628047559, 6.3461034238624805]","[5.925281892716831, 5.168651367610195]","[3.9811948024092865, 4.18531434676233]","[2.4910428215049243, 4.231233589961479]","[4.890135876898064, 4.815913132984081]","[1.2880757248523775, 0.014508999262654136]","[1.9011906857530074, -0.060660813814620775]","[4.613677524552824, 2.794705627244094]","[1.0114630354083562, 1.341475915530881]","[-0.15011695125380659, -1.2640061679473638]","[4.681841498382071, 5.600733015145591]","[1.1581108735000678, 0.7916626939629359]","[-0.38817681854122876, 0.1704162223754877]","[-0.17280173739646437, 0.7719201548366751]","[2.8853064009262646, 4.576098927667404]","[-0.25762048551099404, -0.06963345330010817]","[5.612269810105393, 3.4405642208737746]","[4.660469843334013, 5.960932178608261]","[0.5107920885275947, 1.0305805856240573]","[3.7501796604106357, 4.734762459529798]","[3.61665922302839, 5.901728697140274]","[5.879014154557007, 4.053509204011572]","[1.586016816145352, -1.237815498826849]","[3.427010742927139, 3.9474528081298894]","[0.1335409047822823, -0.1524698363805439]","[0.05225849049748321, -1.060605066396601]","[-0.34254920085776497, 0.1704637709965709]","[6.366389411854438, 4.262263295315159]","[4.963419960123154, 3.2621953841535003]","[-0.78489831308224, 0.648280433843859]","[-1.936752702502465, -0.7613552698089406]","[7.30594658596774, 3.600657834151229]","[3.8848737373365125, 5.0732194503124655]","[6.495571736482426, 6.278434957965715]","[1.0841982440435427, 0.21030304022199536]","[-1.7131345290908775, 1.3538723741654128]","[2.0530957807159855, 6.604735012294853]","[5.176484183662953, 5.451226016136099]","[5.829323772582862, 4.368348475486356]","[1.7269638512334051, -0.39963618561460235]","[0.024510174258942714, 0.49799829124544975]","[5.2378295407583355, 5.479625319551573]","[4.7231106442311965, 4.328279210741923]","[3.9727481124948714, 3.398818801188427]","[1.8005111815108537, 1.2389463529394373]","[0.4810092317367132, 0.22388402427913137]","[-0.33513778117145177, 0.34233783448962146]","[3.901083745271806, 5.687426755126504]","[4.148382759813292, 5.966125325530311]","[3.234612412970026, 6.7409414865969906]","[3.9643959439546057, 5.881058892057434]","[-0.24907184465304072, -1.6728939013115742]","[5.054694865374626, 5.44141975989295]","[-0.5397596803093615, -0.7783047254023127]","[0.22228985580085406, 1.2788658133133932]","[4.793015410901631, 3.9689747248526928]","[3.409858169319702, 4.3353489024979375]","[-0.9746816702273214, 0.787084603742452]","[3.6875113096636873, 5.241409116370047]","[-0.9161919154812425, -0.8318222082304447]","[-1.2111719292807812, 0.7307641190665245]","[-0.009288561567815747, 0.30698107268623775]","[2.16696970985726, 6.359189494164025]","[-0.8892408282283243, 0.9553005582377528]","[-0.5462444482524828, 0.3918040054025465]","[4.827154325185889, 4.564235503029381]","[-1.5341141707356223, 1.277676821898509]","[4.470232294076959, 5.804855938180079]","[-0.5256309339853844, 0.032407013340136216]","[4.885527628201137, 5.1477559074001285]","[3.9956621737060933, 5.126824685134962]","[4.883511647368965, 5.489211824664301]","[-0.2573765374233451, -1.6685840738775894]","[6.918606333876208, 4.646735864561842]","[-1.2257656630023412, -1.4643748802098202]","[5.416801574483114, 6.167120788003297]","[4.602451303454222, 3.6154819805750034]","[4.516341362562431, 4.753275575885559]","[0.5114995753618614, 1.9351540400602292]","[3.94529554503408, 4.932769692803869]","[-0.9037018607301281, 0.324359281721603]","[4.3685974444334414, 5.052526368215316]","[3.3323347338091382, 5.990566827442789]","[4.2176460774980065, 5.853165306413191]","[-0.16128571166600914, 0.4040508568145384]","[4.7677264972005275, 5.010545711741026]","[5.315522940920253, 4.952141072347243]","[3.8066242314566847, 3.1668295483012727]","[-0.31984752325484395, 0.15175799224874037]","[-1.0319662838471795, -0.4402592043864004]","[5.811705571613265, 5.331918447707888]","[0.5488838353173644, -0.25495579355369785]","[0.7783610761666377, -0.5511857163285334]","[-0.7832532923362371, -0.3220615162056756]","[-3.0195121558208253, 0.18384954475369486]","[-0.3787598366030933, 2.0826603221097977]","[-0.10325476014904739, -1.6431888111541673]","[0.8953554307625996, -0.6315777291653314]","[-0.36146276669398575, 0.41644603810145264]","[-0.6751782749743815, -0.14451867071551783]","[0.13735247940703602, 2.9181735550600925]","[1.1815677164191463, 2.343654052812625]","[5.2047978772819175, 5.409140922775994]","[5.794758522471934, 7.006408637712937]","[-1.1996975283653082, -2.3161438629688766]","[-0.5806483025539511, -0.6113852473886282]","[-0.0036025390905684044, -1.1583646891925428]","[5.5009173290858575, 4.0176757277232245]","[5.103078221530848, 5.0239800190155925]","[4.533772608282888, 3.9585470482251814]","[-0.5289777080640152, -1.0565576427602528]","[0.09767609854883172, -0.7730097838554665]","[-1.514470309180767, 0.32159321133923857]","[1.1249325453032408, -1.742771973881041]","[6.3680793504886015, 5.125901388394959]","[3.1249926125280636, 6.179988529689787]","[-1.3044695005048532, 0.6696725488300385]","[0.4316316296375973, 0.7396754681178337]","[0.1895816165987434, 1.0010460925671412]","[3.0526575258591855, 5.97845780566655]","[0.9153902755601617, -0.5495402745955349]","[3.66343149968508, 6.336657357758983]","[-0.643518230380143, 0.9278401280812372]","[-1.2391070756539009, -1.46752526575244]","[5.357661366631089, 5.064505972862571]","[-0.13944627568099954, -0.4501892648514116]","[5.139651674215896, 5.0650246311887805]","[1.6087808557343735, 0.8282296901846228]","[4.489010829804273, 2.4464504039441017]","[-0.13845598398377382, -1.2242982362893657]","[-0.7095798547491726, -1.2585049106753345]","[-1.58242797402364, 0.8168370114309812]","[5.151657272145018, 3.9762440522921496]","[-0.5561187467607805, -0.13006029355362003]","[5.88239708978998, 6.027479343352692]","[-1.2922626951056186, 0.6897078052451944]","[1.2495049007061587, -1.3327773974796497]","[4.183845010971956, 3.544945394909448]","[1.0287689914234805, 0.5016850451687882]","[4.529244900875218, 6.121188142569904]","[6.435570993163624, 3.171594119158037]","[-1.1543626682329844, -1.7518288067517191]","[3.583731140659393, 4.357223617100052]","[1.7611881248673737, -0.0003136726117747121]","[1.1955313880867093, -1.5189697808133147]","[-0.7904744554453119, 0.4714683571359957]","[5.037541841486822, 6.091805339074646]","[0.518871180440122, 0.49580502102757085]","[3.902389017724273, 4.638371890627455]","[4.12415759350489, 4.194200345115795]","[0.7250957868479971, 0.5161782871149584]","[0.5859042011646491, -0.736770135947622]","[-2.081929407883722, 1.6964563682900382]","[2.571995317494969, -2.2494324542007638]","[5.3429263773213425, 6.243469128345963]","[-0.26265952031616774, -0.33638694541113623]","[5.001109944687293, 3.4555661517517557]","[5.026185149185799, 5.071287260549462]","[3.2109876094985585, 6.007117823412373]","[-0.7090209576304904, 1.9532591375265682]","[4.2639363465314855, 4.6890624836489065]","[-0.5125341106465501, -0.8015275901045416]","[-2.4883273534129895, -0.6582484123338483]","[0.6135179727304166, -1.0227925651984056]","[1.6637328321434735, 0.30524312653135294]","[-1.2504077339697175, 0.6045153263553668]","[0.08840688629184736, 1.4775300810552618]","[1.465648768921554, -0.22577630048653566]","[5.4050353858557125, 4.154447823645386]","[0.49097495163825133, 0.7348777860498175]","[0.5343648986363834, 0.09109360625591317]","[0.9983108981479604, -0.4316203127180484]","[1.784775039185095, 0.013450364619293007]","[0.04930833152022263, 0.7688396759688968]","[6.116681275067522, 5.232094637928538]","[-1.0642200068173489, -0.009844808650383004]","[0.7682072166317373, 0.21539650545628794]","[4.199664593834696, 4.501012744020888]","[-0.4911537471421047, -0.28487549336967083]","[1.5091310134045506, 0.605606232631313]","[4.596296566002093, 5.829149035059542]","[1.8566474365619547, -0.4817659710934752]","[4.615818334293024, 4.237866551485902]","[0.19584525509768155, -0.978372777615032]","[0.22749587573205374, 0.635967750711738]","[0.2243396567780826, 0.9040175547613144]","[2.7339479058507172, 4.6492217943984455]","[3.1809489846974524, 6.868527188073091]","[5.114941771759132, 6.427328651594769]","[4.861664717983622, 4.622576598869671]","[-1.5189108250900678, -2.6307301368290634]","[4.660240992352477, 5.231607474168092]","[0.06008599461516361, 0.3883120054234496]","[0.06188335288713521, -0.927553330811728]","[4.896537210153077, 4.510429352969329]","[4.089675658071716, 5.695165248330141]","[2.1499698906828177, 5.544582400793628]","[5.693706112536185, 6.584494375157059]","[6.415204526701824, 6.841815609386607]","[4.564210270376364, 4.158550485870991]","[5.7700501089175855, 6.506147240774947]","[4.116001143253559, 5.1324971434956455]","[5.681743408815142, 5.9625028858001015]","[0.33085130461557777, 1.451001438131336]","[7.768373605625943, 4.748448099815864]","[0.43477006455689116, 0.47543068252662346]","[6.015627883994471, 5.187459382088911]","[5.836991154633674, 5.368497586839039]","[-1.8927621775900518, 0.31149085879778987]","[1.2657078408647007, -0.8661748482145009]","[4.559097811389145, 3.8835491448159525]","[-0.13213658890154725, -0.5237313027714218]","[2.791719223771748, 4.769413601476387]","[-0.6076463453734726, -0.1373109657888796]","[5.249450945930072, 5.3992281929393275]","[0.35625278870608357, 1.261519252535516]","[5.872817083178335, 5.732080951433023]","[3.2318689672932814, 7.992810570060641]","[4.62436633928266, 3.6951831095670506]","[5.599089759263809, 5.175673712491779]","[4.662184905808597, 4.372579265573627]","[-1.1869933883057446, 1.0578141808207961]","[0.6427227598675439, 1.3291525301324314]","[5.675137056406921, 3.283966751689311]","[6.4678504449973095, 4.9697369424030144]","[-2.1047495057190146, 2.042177910534731]","[6.423953845541167, 6.413769648291259]","[5.103117925717205, 4.548554609675066]","[0.9976320769202445, -0.2867942357382693]","[-1.5566291735239037, 0.6060099513456396]","[2.7814300340489004, 7.418777779313464]","[5.044062567406599, 3.16423124382291]","[-0.4949654803680731, -0.49757249830921385]","[-0.4455025214007718, 1.453384477117701]","[-0.47875857152168855, 0.35947579754712555]","[-0.18315047105329468, -0.35667313417987123]","[4.601554725010633, 4.553356953185394]","[-1.0676204293825944, -0.1423794850212935]","[-0.002403840918853844, -0.5892716517893062]","[4.1465045199386585, 4.330563086366509]","[1.2525407310292307, -0.7790194215199856]","[2.5125432412938706, 4.541776970743499]","[-0.5805234498047227, 0.5885784044206096]","[5.672389337611382, 5.166655817359844]","[-0.23093453020867796, 0.6962063648134184]","[4.766393039017134, 5.201999010757321]","[0.7472936051232618, 0.6103702654334648]","[0.26536234939962844, -0.5827586576115821]","[5.014004967371381, 5.5637878750069145]","[-1.0212328171307132, 0.7083564472993533]","[7.206468979884672, 5.079649582613925]","[5.0100211517405695, 4.311305566554765]","[-1.0909664302151982, -0.4108142879545848]","[0.3109075655980046, 1.475356216949552]","[4.813426746944636, 7.1711928610624955]","[-0.4235985817281771, -1.3656174041901494]","[5.2893389056429845, 4.829776208028821]","[3.1003297191411185, 4.871736519516169]","[3.2563273976034637, 5.156823016098193]","[3.24456210268929, 4.304850641923128]","[-0.5865312695639355, 0.224216404290793]","[-0.18826133508630655, 1.193112945851028]","[0.6835693232004776, -1.3659557112005343]","[-1.027403551526011, -0.3732682459413141]","[-1.1818741254208012, 0.44947391283230687]","[0.8139808601977412, 0.12861745040496653]","[6.434177036520326, 3.260574755767722]","[-1.8461878622380938, -0.92951086019241]","[-0.7393714074590363, 1.1918993344135729]","[0.655900776529761, 0.19473619471877485]","[1.3993554365860021, 0.9246336829127688]","[6.189226461255785, 5.667245147429242]","[6.5050620386083295, 3.919997391617868]","[5.975200541684766, 5.369263777649905]","[1.8709651753717822, 0.38961417737090387]","[5.205455687036303, 4.224393395397609]","[2.218780233448134, -0.1590452104000513]","[2.955370996198732, 4.421015780060095]","[5.120634760893454, 6.04402512944238]","[5.179622272631923, 6.345147620452415]","[-1.1889634195349619, -0.0498801541281177]","[-1.2699985973938759, 0.6688401305462182]","[0.370211889941741, 0.5843141664353099]","[-1.236950710878082, -1.3204566130842763]","[3.377025037996436, 3.786536639847077]","[-0.7239903317426091, -0.19539035117702397]","[4.285934882017822, 6.17841931756372]","[-0.6994145401232875, 0.1616985267047529]","[-1.8210860692944963, -0.5976676832548571]","[-0.5975101946916416, 1.4223698616985077]","[-0.48231357093630295, 1.0989833574419647]","[-0.8096035199216461, 0.4240610444640897]","[0.19548173155329082, -0.09884520123930605]","[-0.9993022322949108, -0.5047749212282174]","[2.9490944253087252, 1.2446795807367868]","[0.3904648499288896, -0.10322175293249623]","[-1.3776175007542373, -0.5647740041709423]","[0.24075317948856828, 2.601683114180395]","[4.346537104275193, 4.61345838410224]","[5.106182919440216, 4.362191307140064]","[-1.8362053731032966, 0.5079913269125437]","[0.07863519031609059, -1.9982006845321076]","[0.14959795751878804, 0.09782717470792267]","[-1.1022921498364233, 0.681359510442948]","[0.4360057752225798, 0.8438395096417373]","[-1.466785190615677, -0.5014021468856367]","[0.5681032051286461, -1.0496554989099411]","[1.0018248536819372, -0.49757083838520716]","[5.505557853215008, 5.436235704801055]","[0.5131057981760827, -0.2595466775839172]","[-0.6578345538521371, 0.8545252270666157]","[-0.8810683366612923, -0.712220763649051]","[7.12099356584511, 5.977847564654331]","[0.16429476537056906, 2.196223142152799]","[5.878963973070651, 5.480608593347347]","[-0.3357846992901282, 1.669021525289393]","[-2.3716593608588923, 2.0420696529278803]","[6.097484971353164, 3.8280660707768055]","[4.204344866174193, 6.399417926653883]","[5.487218194630427, 5.767307362602486]","[3.793977628591881, 4.114029266102223]","[-0.30518884548075176, 1.0469117944881394]","[2.838696113697638, 5.482533709821185]","[-0.15800789857898942, -0.42688106994742003]","[-1.008554684076208, -1.962625691672579]","[5.457224811949343, 6.352759030614763]","[-0.5081401976473109, -0.14778031881747153]","[6.040057890793389, 3.981130042933265]","[4.897351426549369, 6.363607295199699]","[1.040430892644839, -1.9550487703182828]","[0.9003985883950636, 0.4512253193185082]","[5.790759312232529, 4.977969927483059]","[1.3902075490173134, 0.5578103063518622]","[-1.5327005598899308, -0.1962806513879368]","[4.409181651908571, 6.245041008223256]","[4.716293271635268, 6.190474985193482]","[3.81879882685112, 4.377386100040681]","[0.05993263026632825, 0.2773769379581917]","[4.941167145868477, 4.7790682750603874]","[-0.07049877805909122, 0.4865016438262019]","[0.38680852068920263, 1.090980425185967]","[6.983704135478751, 5.757176821102022]","[6.152648103261693, 3.7825962065030483]","[0.2806364044901364, 1.7586204841951334]","[-0.17038576538819597, -0.8128235903365649]","[-2.038124535177854, -1.008086310917404]","[4.292560455187812, 7.209855665748464]","[-0.8360621521000247, 1.4244958212469476]","[-0.553649305347182, -1.1978778925888485]","[1.813407698515423, -0.3428788615575641]","[4.006079070824606, 6.15291325620481]","[-0.7459421264756013, -0.6615414425152919]","[0.5773635251066616, -0.1286594463520559]","[-1.0810565404082624, 1.0531528533329035]","[4.383224638480292, 3.6520042156328314]","[0.9504238381860503, -0.5769036556624031]","[-0.5347566708443231, 0.29497145570882155]","[1.5421099525678756, 2.006092888159123]","[4.141783968228373, 4.453735990822535]","[-0.46440426230938764, 0.4620608932518965]","[5.612332214002512, 4.021411610011346]","[1.8732977762175456, 1.0800480657146485]","[4.78058767902793, 5.234928125088116]","[4.578517002833637, 6.272198554250098]","[-0.27999330187447974, -1.2790307362197864]","[-0.9519184600222356, 0.07748051851886253]","[-0.7925207384327007, -0.11473644146689901]","[4.785849689288812, 5.837154486331384]","[4.627935674668674, 5.280891126601172]","[-0.05240445057746945, 1.7041055162554912]","[6.14006784649516, 4.16290986638496]","[-0.3856726309778482, 0.43450264609130573]","[-0.5522230442809712, 0.6329318177555108]","[6.453840237121884, 4.520035357287791]","[0.0678555105274033, 0.8527736751222195]","[-0.12791759148076653, -0.9555404406004258]","[4.628537978912314, 3.2240177530381073]","[0.6988284202025348, 0.4209729443893898]","[-0.6176518954343502, -0.31607285602704976]","[3.9688939467057365, 4.486872753635717]","[5.644123767850108, 5.08198881382472]","[6.592964096027381, 6.465210503481381]","[5.571141242038074, 4.2765133775802]","[0.44381942814622843, 0.7746340534293368]","[4.58948151727027, 6.818898532200325]","[4.817839416142076, 5.281211682584066]","[-1.803139676255945, -1.5841359430054898]","[-0.22979963057519381, -0.8514064342603136]","[5.810027238506116, 4.275138916199948]","[-2.211861911329507, 1.5334337012963255]","[6.377974333925414, 7.148706293937051]","[5.17560354980437, 4.848048876528014]","[3.953078249893094, 5.6779699708965286]","[0.38193545223155334, 0.43004164719106963]","[5.049328165794844, 5.722446985220979]","[6.316176081530022, 4.8014308131190395]","[1.3697011076541847, -1.086054582118086]","[6.6533096371785305, 5.623087347889095]","[-0.661786464768388, 0.852433334796224]","[-1.6924646297148194, 1.5295503194606137]","[5.217207937528401, 4.5352327760882725]","[5.385970092568876, 3.823355056099947]","[1.1081828167375165, -1.0399059271255309]","[0.19438430157733602, -0.35316629281068834]","[-0.05790774987690872, -0.735116800724588]","[5.330113790470944, 4.185989330708444]","[6.198225393201287, 4.714458374692776]","[4.684733666083744, 5.2680504275897535]","[-1.0003313246055747, -0.6777449705248515]","[5.678549654621052, 3.125134344498289]","[-0.41360553342164424, 1.8876876573401904]","[-0.00811320161175029, 0.15808922532318442]","[-1.3985675738191412, 0.5629692366905709]","[4.729628600864209, 3.6102198568073307]","[6.645354952270745, 4.764835121748903]","[6.433625019820946, 5.191450715957353]","[5.46725221518279, 4.4557038536857085]","[5.27751585888189, 5.320187854921873]","[5.242070670287967, 4.149024919318435]","[4.971782121062771, 6.364326244170867]","[-0.7668640380045524, 0.06807226924862103]","[4.548697135656336, 3.982088509522841]","[-0.30085974714082625, -1.2094769354188053]","[-0.6039806259692295, -0.22954865536034708]","[3.6355291463827193, 4.071734161344004]","[-0.06607979864731657, -1.2110161997624567]","[5.915653804258344, 6.186415590517608]","[4.765075728479025, 4.10648490748072]","[-0.7128457826771644, 0.10643022769189683]","[-1.28716356858425, -1.3971181851129912]","[0.9235086160473687, -1.0506233218278012]","[2.8760071818743644, 5.413616257571681]","[5.087973547129169, 4.559725363149196]","[-0.19068240076334658, 0.21743287317972287]","[-0.26940683444455776, 0.7175422557959623]","[0.9514492770580866, -0.36650702036805183]","[5.471391262764991, 6.271899545423944]","[1.146027575013415, -2.837506441397379]","[5.806676402164363, 2.0568584345282668]","[4.108456510145495, 5.06970426942928]","[3.77677976993807, 6.424627732077243]","[-1.1036698285303692, -0.33078922432755736]","[5.073336744778136, 5.968769895681353]","[0.40981865692851255, -0.24125765461854246]","[4.638283012182735, 5.178669775219072]","[3.9598012890445267, 5.698815670280476]","[0.28586539072490497, 0.334456789987025]","[4.2651891024658095, 3.600771740775369]","[1.6999573745763805, 1.0715431522348857]","[0.8576596232020194, -0.1599385299634271]","[4.497131246329044, 6.178865937036939]","[0.2783486346446696, -0.5092133625991345]","[0.173180925851182, 0.3853173797288368]","[0.4961991873633163, -0.535316712567659]","[4.192408659901704, 4.7765274947630605]","[0.03471374875256186, -1.9685042134380537]","[-0.3494393272169559, -0.7725687487562407]","[4.619236596138196, 3.730534733987187]","[0.2125740306322149, 1.0269862633197322]","[4.6368244412671835, 4.783581288361629]","[1.5781180575621845, 0.9854496856152184]","[-1.3805987058996512, -0.43615544150748503]","[4.549005982970691, 5.2939493879431625]","[0.8407344821295493, 0.2078025073533134]","[-0.5449190868089497, 0.39913611435207086]","[0.032004149065766624, -0.7534178703461835]","[3.814185088985055, 4.675258064918026]","[4.884811671223521, 3.8169144847502348]","[-0.649373038321426, 1.321304032273012]","[6.892191760833068, 4.1162808593089375]","[-0.2918112689155441, -1.563190808696657]","[-0.8319549174944512, -0.6382827265284942]","[-1.348185422105713, 0.743264094022715]","[7.824220426395203, 4.645793611491212]","[-0.5955349351838592, 0.9005330773315916]","[0.6928575842374367, 0.5825713188088052]","[0.18106274277108234, 1.3032780373160637]","[5.399996552943606, 5.165859026798673]","[-0.809380821082754, 0.9567031863856584]","[6.580339770822969, 5.916567613777701]","[-1.0651136630753726, -0.30522470435466764]","[-1.2931415437586478, 0.5723903111756757]","[-0.08059974929676088, -0.8330560570007587]","[3.295378041822884, 4.916866474278506]","[4.569572301199284, 7.0084730109816995]","[0.04886007032570433, 0.04059169120388238]","[-2.6042138566271342, 0.19894814679649453]","[0.6789312900592783, -0.13699548944245826]","[4.937106133100142, 4.552122355068041]","[3.5636475429608394, 5.55012848121788]","[-0.21113023882769444, -0.987179527151184]","[-0.772659445270824, 0.8301918118626102]","[6.106710424287318, 2.7253789687938004]","[0.5950294658355647, -0.5574230531083212]","[-0.41222074502447015, 0.9134737320174066]","[4.424813550356483, 4.988099176905772]","[-1.183056184734389, -0.25276325509618536]","[5.0161247879004724, 5.143306305000004]","[0.008783654898147817, -0.2376833169609843]","[6.2334060763526695, 4.992311004278631]","[-1.3386057997232488, 0.6929186230316111]","[-0.24717738252059693, -0.6819842479977986]","[-0.9933586995819507, -1.0158788269899783]","[4.795870231127283, 8.117681129208048]","[3.518419228448632, 3.660530225042244]","[1.6654744444625766, 1.0143700650181304]","[-0.43676423723821745, -1.6065771007386793]","[0.05963036992017413, -0.6469367777055739]","[5.141114496705593, 3.4750150598559406]","[0.5597904479310398, 1.0807807255546218]","[-1.0293715081820716, -1.3526702858435344]","[0.6719446078144975, 0.3842020720058965]","[5.558723836944486, 4.843522623876842]","[-1.5047203740310022, 0.7600559636896026]","[4.7004849624525225, 3.764296977950591]","[6.083583103109996, 4.666539306818228]","[6.022841471550764, 4.809553814070783]","[1.186145474042299, 1.540323979819886]","[5.470482996129107, 6.9723444790822]","[-0.6967718184295749, 0.5820265670847269]","[5.011862679180784, 4.019211991586441]","[4.837937897963176, 6.195177411511416]","[-0.5312142946075985, 0.48387665118803974]","[6.274653124038341, 5.924721805513421]","[5.226238088667421, 6.117933822727152]","[5.657321095119539, 5.314267421801183]","[4.557410707225844, 5.007727893175685]","[-0.01926037973439464, -0.2628908292082677]","[-1.111457956937032, 0.24650477843200488]","[0.8356921120651418, -1.129706854657618]","[4.103414459352808, 5.573447493355399]","[0.9648516330974576, 1.6155828235482317]","[0.13069002446438233, -0.14152575336694828]","[4.162176938832218, 4.155297001297018]","[-0.07587145068502332, -1.6846675772263868]","[0.8604734883597454, -0.5830774385689385]","[-0.782003492511037, -0.7597031174802871]","[0.6982233136135899, 0.3934853854217496]","[0.8614365256328049, 0.2513166482381024]","[6.974078687745024, 5.377263259342226]","[-0.5495571359085801, 0.8595878869798019]","[4.369951568651659, 4.265838133878986]","[4.209982903184792, 5.692815210300923]","[0.6654168236917787, 1.9412174364637491]","[0.47347189903522846, -0.26764109089879357]","[-0.6047446645382127, -2.205566057099069]","[4.933551024690544, 4.641920553820681]","[0.25866114785538813, 0.21273977585766032]","[4.624891005056435, 6.568518985472554]","[-0.7625192391465982, 1.0363028920724797]","[7.349108558025033, 5.949889068249292]","[5.359738975126788, 4.501366104211549]","[-1.500221861446936, -0.7788370428204348]","[-0.005560293648070566, 1.1785126897984228]","[7.2689916116594535, 5.188453596429283]","[4.5058099769330875, 5.2838445673027366]","[3.9113651569409615, 7.801372989634979]","[3.737135246271822, 3.7704737487826137]","[3.882672991068765, 4.958508895422621]","[5.265163922746588, 4.351001479526842]","[7.004423303675171, 4.902688849298409]","[1.9956674897839644, 3.109918556005361]","[1.066674689589154, 1.1692955904456728]","[4.724104278559826, 3.7755977929527282]","[-0.04489303012253698, 0.1825010305992134]","[4.719428293401448, 4.383972456282044]","[0.4572804046152411, 1.4558223221467665]","[6.377180936504561, 6.020036506902089]","[3.6487095973015657, 4.6998712131718]","[5.954085102156628, 6.218480214871686]","[6.313782176571808, 4.98452835927326]","[5.281230492218604, 6.489599409447649]","[-0.9587784561867748, -1.3525086894407223]","[0.3721054726068629, 0.3891591956679287]","[0.26044226333355597, -0.5388418561927383]","[4.175387990234978, 3.94119985175218]","[-0.493122822399772, 1.4436320034688142]","[0.4400144500533324, -0.5020542243526112]","[0.7082144232565571, 0.23321613126350166]","[0.7276295436369798, 0.05194588580729943]","[4.5673624836664715, 7.185730616722575]","[4.689609008622434, 3.4521984436909685]","[6.060800071805947, 5.8995613767383075]","[4.023379684136444, 5.160268857417576]","[0.25719897035592737, -0.24066517453021302]","[3.2552396123946985, 3.9446758414075402]","[3.1197115894312155, 3.974780914262567]","[0.22213377163371284, -0.4787486216634773]","[5.137341324565105, 6.189642645485236]","[4.217401402581411, 5.707032359610785]","[5.20507533923463, 3.376617470058757]","[4.302635772083829, 6.138150330967618]","[4.1894713701783735, 5.856975536982786]","[6.67427076607113, 4.099078881445847]","[1.1168337755299542, 0.18641616974404632]","[5.9389694687047925, 4.936122167168653]","[5.578928648571235, 5.460042323860466]","[4.239399335574861, 5.570940993942198]","[1.0753434019568977, 0.2106684652031108]","[0.9321915642603847, -0.23655528721894603]","[0.46320629209912306, -1.3671378064602457]","[-2.0217986399619474, -0.10128071870153288]","[-0.016422896072752075, 1.188393273448084]","[4.009376776622743, 4.656808431313288]","[-1.3683150388328105, 1.987275999230808]","[-0.7538621136909615, 0.3826535514774916]","[4.3161510995004235, 4.990840961465345]","[3.7723200355439426, 4.408721990630294]","[1.3510728924131392, 0.8861911885847956]","[5.283911058736381, 4.99293709544917]","[6.052211155957059, 5.097434110297303]","[5.157634558440944, 5.1949550924121874]","[6.257613112576651, 4.4665475542241]","[4.845309668865445, 5.713877444090137]","[7.441221722471914, 5.437126779731052]","[4.467856109826898, 4.611431779508797]","[4.7540046616442995, 5.446703610809144]","[3.7141359827202853, 4.494510244555489]","[3.5927065565075975, 3.701896096312842]","[5.784146416353498, 4.101972773675541]","[0.5496831862902597, 1.801430099266488]","[1.085895565831578, 0.4746982328799528]","[4.202886433775019, 5.040924748728923]","[4.204029626149501, 5.191889545021647]","[-0.4684961133603157, -0.758765257935375]","[-0.3998990621311371, 0.269294752580734]","[0.538296079049633, 1.0725073373098022]","[4.337308516511965, 5.086761075462647]","[-0.01901620790268883, -1.0025293646378088]","[-0.9649234605801045, 0.6860514599984393]","[4.450075167535655, 4.489936049903918]","[0.35250496835687956, -0.5703513664136806]","[1.0960699074773985, 0.4253213083301104]","[0.6901439917111125, -0.40122047188583626]","[4.432192157815894, 5.512543628399402]","[5.18178123258716, 5.294418977684048]","[1.1633444515406306, 6.236832466127266]","[5.2496094582097115, 2.559295985224916]","[-1.216896710340167, 1.3633765135383398]","[1.9002684243109647, 1.0230565552522393]","[4.904888352299234, 4.666962380946238]","[0.30783237251388496, 2.068226041505824]","[5.241802071555749, 5.301407069781117]","[5.766388476572399, 4.586105057725143]","[-0.15032046027187207, -0.32669621318636405]","[-0.8792827824119881, 0.3485951198609804]","[5.360755754663835, 5.07228834712487]","[5.020417167212918, 3.534326142657905]","[0.5333592447054494, 0.8394685045184047]","[5.777735047247854, 5.074685842636885]","[4.88634315750096, 6.599123240836734]","[4.522160149296209, 4.955393467816998]","[7.710794299040533, 4.936254714496034]","[1.639964529371393, 0.7421274910718922]","[0.6032475005713938, 0.29815846599052565]","[1.3924653000643288, -0.2500465145989528]","[5.535458747409633, 6.209010198900997]","[4.897896941108561, 5.037553076660563]","[4.681698985895666, 4.458379236690813]","[5.570421173360796, 4.668568628718497]","[4.891861009608583, 6.112100619221339]","[4.96697473628044, 4.496349739624404]","[5.484591378839275, 5.267475388898061]","[4.294462052721539, 4.153960327372365]","[0.8728243510056346, -0.966156723370417]","[0.12637957954641182, 1.9389289990582848]","[6.352039365974326, 7.09940752050251]","[5.86567465116737, 6.081316957768537]","[4.997761883525819, 3.9325660670395006]","[6.058170093824102, 5.4705098473785565]","[7.503171790905711, 4.516015660399447]","[7.337827745388299, 4.13924319829818]","[-0.24574306408594432, -0.2727235697476705]","[6.39025532751199, 6.787346414429825]","[5.660343054562682, 5.747546125786459]","[5.894458843105129, 5.334374746873299]","[5.034333388568835, 4.6375009971179315]","[2.169936588080543, -1.423682636883923]","[4.119988018309236, 5.26918092025516]","[-0.07201012158033385, 1.0035328978920242]","[1.0683793336940164, 0.604120889588518]","[0.10744437434089255, 0.3873714806329899]","[0.025210867540082116, -1.5431182279428703]","[1.6699045043514062, 0.3946715298229811]","[4.783172949777857, 4.7072420812275455]","[-2.6357477390168778, 0.003375506597160999]","[0.3243402100148682, -0.5327254982169035]","[4.204282336479388, 6.746490631594622]","[4.679216138148001, 3.6379566291452425]","[-0.10730214400422888, 0.4477169258102776]","[7.156349631729299, 4.619305376204908]","[4.348712535016818, 4.031871402147673]","[5.461272084317831, 4.075642666369625]","[-0.3583401520212222, -0.6475418056351592]","[0.6879329720514281, -0.6129832712706895]","[5.672293408040402, 3.4995234508369983]","[-0.22647889190152676, 0.3673655068161781]","[1.5792128155073915, 0.7674347291529088]","[1.146030144142065, -0.7773714848459066]","[-0.42375968202270325, -0.45341410838385404]","[5.809657530148241, 5.230711749074962]","[1.2949855848169558, 0.544220352340347]","[-1.4438548161335418, -2.296180953137238]","[1.246085192497629, -2.0733902324081495]","[6.419064413357521, 3.0504098272739673]","[4.153502197131092, 5.607947567005754]","[0.30767665340111383, -1.0955193888455623]","[0.7094518171390395, -0.43548637056984335]","[3.505736470933761, 5.180871111482433]","[4.23841213496378, 4.693986045642591]","[4.1626192103175335, 5.895796218235929]","[4.56494739976414, 3.521997744695816]","[1.1792971840638264, 0.06751848141010895]","[-0.5164296438875717, -0.19646658342809717]","[4.97082730077344, 5.13931963072956]","[-0.03989438375171192, -1.4042395662615887]","[-0.4545477187434442, -0.218653277435036]","[5.826838630709115, 4.895990772275305]","[4.391506096268798, 3.99213208677787]","[6.252346362298008, 6.136455574324845]","[3.556799206214206, 5.638186998848574]","[0.6337768809320985, 0.41379909745149823]","[4.612508685094566, 5.712504442092161]","[5.438579290921005, 3.629973372635571]","[-1.8697416996954206, -0.38852077518300926]","[4.306233392503249, 5.342450879176901]","[0.005243699718183166, 0.046980593764742055]","[5.592329547013343, 5.0993138149513495]","[5.207139436778569, 4.760726852848149]","[4.958751871020797, 7.159121154603292]","[6.010379313283264, 4.554242540203151]","[-0.971656734541286, -1.3796181647889305]","[1.205994516546816, 0.7774073527645112]","[0.4322629506341555, 0.47004418736820214]","[-1.395448504755072, -0.7079109406740753]","[5.034271814200222, 3.31912954076188]","[5.0799152637400375, 5.320930061925657]","[1.0473177066214483, 1.1695899924277735]","[4.002771712561223, 3.9409628779879027]","[-0.5898923177556078, 0.6986888135170435]","[-1.2644984069549656, -1.7931064525345768]","[5.457324281086765, 7.098221474546747]","[5.749745475438347, 2.9850987674933918]","[5.614944639031378, 5.509683077242329]","[5.292828843586683, 3.119564455936919]","[1.6122206282554243, 0.8968393158655319]","[-0.18687164416135904, -0.4397310582741749]","[4.174167226761952, 6.846395920599248]","[0.4217800742508709, 1.310191908080897]","[4.567340486603408, 5.39245601847052]","[4.329456838583317, 4.84860250805859]","[3.2430929695947333, 2.3079162506161106]","[5.523998955584328, 5.092743065779552]","[5.021092747850587, 3.868932764497412]","[5.117588629887202, 5.151407396072019]","[0.8113965544915921, -1.1482632887526183]","[3.7318631950246877, 4.831740865512458]","[-1.5708761520684993, -1.1267674689098053]","[6.0685495584553, 4.91142893273121]","[5.731898069234381, 6.25451870238119]","[4.111140301964325, 4.840251502008414]","[4.64406508291303, 6.647877605783673]","[-0.5262478565174211, 1.3883377782084478]","[1.673452090298537, 1.340461051790348]","[-1.9187712152990415, -0.026513875449216878]","[-0.46770120131189136, 0.3465038817307158]","[4.408123933656908, 6.27427225873437]","[0.3350580290841175, 0.3161559571827783]","[2.056207129940322, -1.1032083657216831]","[3.8434447829326635, 6.28123865352298]","[0.007880184694728152, -0.3256110521485036]","[6.548639295024037, 5.320216577948829]","[5.031063426398932, 4.838232718834331]","[5.141595786739883, 5.475258604717311]","[0.9633761292443218, 0.4127809269364983]","[-0.6013676439512137, 0.31978193414253697]","[2.9408395163076797, 5.79850133790722]","[3.8580581808386887, 5.059905256796438]","[5.685290084710968, 6.402009325919122]","[0.23384802578959837, 1.0354434164169448]","[-0.0332299906444608, -0.2081168572725397]","[5.364561477355457, 4.319826523652049]","[-0.7380570836613916, 0.1812511626020504]","[1.5628887685081978, -0.2739930818293042]","[6.3746112675765545, 5.359680847686321]","[4.7792712430416335, 3.6673215589747965]","[5.2187182661414875, 4.833185259301607]","[0.8696059201056602, 1.355637858804951]","[-0.4500128579958137, 1.2571492168625729]","[0.8187776437548606, 1.5379319184125528]","[6.519336351090644, 5.116661751169503]","[0.48074457976798396, 1.4967104074459814]","[5.295195368158836, 5.394881490002578]","[0.20056919723094285, 1.1486373494287152]","[4.995798084608844, 6.705362356513084]","[5.2726335143194145, 5.342225579424346]","[2.5076103484169328, 5.659849612104565]","[5.957993941480019, 5.663545618498435]","[4.80192636985064, 6.300625401055958]","[0.7556658387443146, -0.2218882712922687]","[4.542323007011567, 6.07147593025456]","[1.7388996637975789, 0.9788580507817954]","[0.7324921027798023, 0.28872366282502326]","[5.617428630927324, 4.326585760440127]","[-2.1218548990085946, -0.6078219870944325]","[0.16865467196672768, 0.44194064956940904]","[0.4365598041576678, 0.9039348410861953]","[5.473145453267787, 4.297088561960432]","[0.8500793324175533, 0.41768075223940065]","[5.362449881594527, 4.4901060471343675]","[5.537412002820381, 5.642301235011176]","[0.820482181197364, 0.5072740311072977]","[2.4851899166788916, 0.2647753109779796]","[5.1654915641331405, 5.966139660861049]","[0.9503075919735757, 1.7106133725819253]","[5.677637101924888, 4.992325936315496]","[5.522020635110767, 4.4567984996236625]","[0.25755039072276437, -0.07444591576616721]","[4.2403269822474465, 5.6636463470328415]","[-0.46580556911816284, -0.15083771156669531]","[-0.6813802350695739, 0.9678260240252041]","[3.8370610131470873, 4.6425849518293]","[5.555941451645842, 3.095055545989361]","[5.396366956467351, 5.169747767970661]","[-0.045586016355497805, 0.24333944932269183]","[5.101723208471769, 6.498011770304427]","[4.556736535182097, 4.711424882845899]","[0.8080361894020714, -0.8480655980305086]","[5.773547615107018, 3.9490588338110397]","[4.773057533862076, 5.400000005613567]","[4.074915379521364, 4.549798108334157]","[5.1514030479517325, 5.29845181398144]","[-0.8222203955664315, 0.2436872114919123]","[-0.012246772846914623, -0.8972543714858315]","[4.505035449109299, 3.984004568831971]","[5.752483377074219, 4.411891401075691]","[-1.10486279306252, 0.22054142701386686]","[4.066880911313858, 5.673472796158231]","[0.14693529838668778, -0.5221315700199924]","[5.044552165571151, 3.633885919066315]","[3.7152722335825326, 4.668975665791919]","[-0.7758748231664838, 0.07896404566808451]","[5.20786050106708, 5.132597672026101]","[5.945311771235865, 4.447430653881147]","[4.734079925804448, 5.556874722368145]","[1.7349365758368085, -0.8567720938267928]","[4.45491277000441, 6.816755629575105]","[1.2637066776546686, -0.8463159774657358]","[5.032264810771252, 4.10616677936091]","[1.477894044741516, -0.5182702182736474]","[5.967178122438949, 5.493977382205645]","[5.271683584500031, 6.590795742171252]","[-1.2295495944524168, 0.4966992232365217]","[0.9515497705740428, -1.0211624575603002]","[0.1493634822711889, 0.36414029605466136]","[4.903787737959421, 5.25893042822569]","[0.20084509311570958, 0.1007910726448063]","[-1.6694052811213718, 0.543360192379935]","[1.360658595838651, -1.308820399119112]","[6.314226575703579, 5.713266250796543]","[0.46642998243352635, -0.03564148229748357]","[0.07682189106025536, -1.2829922241885696]","[-0.13939720066323416, 0.7396531517246714]","[-0.38769991640856116, -0.41361566562964275]","[4.866372270273229, 4.223305947027856]","[-1.9122549754197768, -0.06863404608546861]","[5.502546246454182, 6.212090719322736]","[4.810306506547592, 5.8495845310466175]","[4.0186740634825355, 3.595183056072493]","[5.809258628123299, 6.232328605214664]","[2.1221561970126332, 1.0324652605511468]","[4.1706796256386305, 5.591571018453098]","[4.653895728219985, 5.849644782706652]","[5.5838830222840015, 6.284104695178898]","[1.7495839042054206, 1.3814540786904865]","[0.16476084123651674, 0.05088770185601806]","[5.053059312932619, 5.86528975613525]","[6.316007419718498, 4.4612151621526115]","[0.5522999376795232, 0.6256309336460009]","[-0.3689394390314622, 0.2138087939410634]","[-0.17262729994081963, 0.8836599374866724]","[4.192349442253235, 4.608430022643961]","[4.3446724767992055, 5.194967705990758]","[0.14125714008746323, -2.1305664798072006]","[2.754414102434837, 5.19540322128332]","[-2.3869298701956727, -0.4958781720101493]","[1.2130976999791834, 0.14171691363990474]","[3.151889887611463, 4.478233342700928]","[5.320997563686023, 6.002236166702925]","[3.0153120585540902, 4.732862514058246]","[4.886437435209548, 4.944147817347189]","[-2.0870270186020687, -0.5846177306571996]","[5.76540215601335, 6.073412702410446]","[0.36163602504763415, -0.6451197546051243]","[4.443221227156633, 5.032638836690872]","[5.942938619897234, 5.18125394834505]","[1.75547569831549, 1.5730197252148563]","[-0.4118233689636573, 0.13192796677195706]","[5.635329195216206, 4.882332697807147]","[7.037210639718358, 5.147076827445974]","[0.1675701058009903, 1.1622595975056669]","[-0.6769220003059587, 0.6116762888408679]","[1.1965715016644913, -0.15852957302697002]","[0.42069963101847885, -0.5779207768327106]","[3.955163686096929, 6.783922595201769]","[0.1799143695464168, 0.8378305352294807]","[0.2314459225255723, 0.6464895377257707]","[5.295224758345243, 4.320555015082251]","[4.7860735336488345, 4.023054260618117]","[6.110911144734433, 3.499197984737825]","[0.14088624691120394, -1.7684393655628516]","[-1.2926253471522626, -0.5321685631271895]","[-0.8392175232226385, -0.3092123758512146]","[-0.20252422706483003, -0.5282970466629792]","[4.987634061757635, 4.67167905730944]","[1.100959634998571, 1.9583474542205939]","[0.6188862980231536, 1.638359732270941]","[-1.5171736966716791, 0.7505791675217656]","[7.710331644334893, 5.519871018101911]","[-0.7790927393767005, 0.20323595458603103]","[-0.6073544332122114, -0.07722104522304557]","[2.6215683401266716, 5.192651532648025]","[0.46654531145012695, 1.3462257562027482]","[-0.6373871273065177, 1.1890165311075518]","[1.8688178405438531, 0.4197056083572659]","[6.933359747714357, 5.256750798661788]","[3.467316029076266, 3.8714093269029655]","[4.432552718771649, 6.801528407832186]","[-1.876552706041874, 0.6197114459661363]","[5.636553206873264, 7.322609225262767]","[4.001559147123282, 6.623256690528054]","[3.650074362138727, 4.544801095183841]","[-0.8696630812746944, 1.1254347844147694]","[-0.4344962274323156, -0.30917212346863937]","[4.106183569418388, 3.8959743665276143]","[5.734106335807248, 3.462292191469998]","[1.3632289751322504, -0.303626072898001]","[-0.37058276240078286, -1.3480471119401671]","[0.2908970575900059, -1.9955317804517385]","[0.21409374413020396, -1.245738778711988]","[-0.033126972873797095, 1.7945578635177877]","[0.26912694124510733, -0.3431922754974105]","[1.3043402428781525, -1.6624919880356743]","[5.6389568142127455, 4.291511898470909]","[0.9577916144729056, 0.20760335140062577]","[6.787239964604669, 4.566009537784043]","[0.6067230591361827, -0.18319661872038787]","[-0.01383774609423725, -0.6897277740641738]","[6.178252847548002, 5.408135912778357]","[0.48473281729447476, -0.8463566549908735]","[3.3897368812082, 5.7531899497325485]","[4.001905372230965, 3.245715147177501]","[-0.47383934707091613, -0.014452270878279104]","[5.922977565140431, 4.479369393437701]","[3.772985922711464, 4.320094103253169]","[2.938594575977095, 5.430362641506498]","[0.16048962397348007, 2.212531039397242]","[5.676357047674909, 4.962312879257762]","[0.827115428565768, 0.1579743122514517]","[4.6083293904959675, 3.117479248532536]","[1.9725421767898081, -1.385987942398998]","[-1.2905614219462187, -0.14325891536419263]","[1.0126374096440718, -0.1581538443723203]","[5.570486086079691, 5.994414528207584]","[0.6585442726728304, 2.0102045387663496]","[4.785462335482037, 1.3989148955404822]","[7.135586730077366, 5.282034219209343]","[3.412811930321546, 4.7926839039917555]","[5.06589160860224, 6.665142382543781]","[4.493810938914664, 4.8204854251275195]","[0.7153813154412441, 0.7181857257079345]","[0.012499321907250335, 2.8684030556667683]","[0.570890510693167, 1.135565640180599]","[-0.23894804686640975, -0.9075636620415979]","[-0.8987840483231282, -1.3303136257389898]","[1.149672018878747, 0.2965769385303051]","[3.7915177957309236, 5.41208346487146]","[0.6453759495851475, 1.3686315575323487]","[-0.020560557350507186, 0.28918367311872534]","[0.8193732681394064, 0.42388948244398605]","[4.180658407265426, 6.158471996473327]","[1.0213832954293984, 2.088442772869925]","[0.028318376130461172, 0.02975613949574519]","[-0.9627325652846123, -0.20661127969604665]","[0.9753124584779789, 0.5156280884439565]","[4.512832816970856, 2.7823909198479853]","[1.087710426157866, 0.6916185751213884]","[-1.371673697230466, -0.7094410024275466]","[5.1829944496452605, 4.165728656932035]","[-1.2422465335492292, -1.125587114031969]","[6.1359478459438215, 4.846002334802169]","[5.155155342865356, 4.6017169664574515]","[4.06689392281289, 4.003068373597873]","[1.4711703274936085, -0.20932367715186612]","[4.27978797899321, 3.874345032199415]","[0.10589445311523424, 0.5844129804724842]","[4.01905327298663, 4.229186369385911]","[-0.1681438185847896, -0.47209057769712737]","[5.422324797449875, 3.871365485620793]","[-1.0258681059694763, 0.06233134961912296]","[1.5945050632249722, -0.8469613483183278]","[-0.7168223206028049, -1.86653661707306]","[4.807193912692587, 3.660482076434963]","[4.691039985402092, 2.8954172012346677]","[6.031653774575175, 3.5910808973094754]","[0.1684609762696143, 1.3175975356079597]","[3.8359493675941745, 4.642009565586664]","[6.171810143273845, 6.4980976334877845]","[6.53739673068429, 6.414110390606782]","[0.32208231076698546, -0.01109200394860206]","[4.136020150923922, 4.87346742025294]","[-0.9983854391882915, 0.30179189981946597]","[-2.7475048427252347, -0.4997301761516306]","[5.588076675167832, 5.96234516926657]","[4.820369627274484, 5.779130625588352]","[-0.7691423497872982, -0.9399031011088647]","[5.864248384698636, 2.2924561446188227]","[6.059565572623397, 4.444719503094671]","[3.5237374559982206, 6.805574432686815]","[1.3511140899867151, 1.292745289518207]","[-1.7258067287905967, -0.6775646523356551]","[4.899827231213243, 5.214925964776706]","[0.4080528468367557, 0.5507975722736632]","[1.1834936668899279, -1.1780408673763807]","[6.612978170593054, 5.729236949310753]","[1.2395840064415615, -0.39622967810175985]","[5.729772937034196, 4.068998288367559]","[-0.20528401949625125, 1.118549944255326]","[4.22654415596657, 6.898734981355239]","[6.038012527315962, 5.764213203338855]","[0.7081086766885905, 0.9567023167945841]","[5.562910660285085, 4.892555118205751]","[6.251947454513157, 5.915823781597604]","[5.0459609360489335, 4.757416963710206]","[4.8789789689904355, 5.727171259533949]","[5.127927202374579, 5.63572652644055]","[1.0302834540318422, 0.23878915902651351]","[5.646904523256566, 4.3155595979138175]","[2.0565435648295414, -1.1308884353259157]","[1.235782191822154, -1.0710536796490489]","[4.0297286740917615, 3.647134111035961]","[0.8875039674140593, 0.7608466543114778]","[4.890976580036536, 5.03437530902646]","[-1.5350402475323597, -1.8800100339077637]","[0.1786947168104756, 1.2292147842970504]","[-0.3600392687569827, -0.7280770978553212]","[4.983776882404059, 6.156833781036989]","[5.169974539749269, 5.701823040543344]","[0.20838280794755248, -2.0417348684242906]","[4.76219296257406, 5.466431287412317]","[0.15985639199740037, -1.0276751409259581]","[3.428847648882117, 6.081514086299741]","[-0.9824873935383096, -0.2246331499970246]","[5.373533683411769, 6.455434483915325]","[7.051246943269463, 4.306195582098177]","[5.703140197236049, 7.498430483721495]","[-0.3294477863470914, 0.7318707042882956]","[4.159507014493308, 5.687238450395288]","[6.167741925527779, 4.2249550369837605]","[5.49288397185187, 5.833603204837348]","[-1.3957892021924851, 0.5913492417584003]","[5.452067838259671, 4.644025915614167]","[1.2969945465611092, -0.022868062298882122]","[-0.5227230205190395, 1.0490092258368893]","[-0.23130094292969944, -0.5764195763348439]","[5.280045342697404, 2.3254328718458592]","[0.46436986354657417, -0.5505519317084877]","[-0.759132661553698, 0.15039378647620763]","[6.673441885622985, 5.441746736377557]","[0.9531366339132451, 0.2871241652018242]","[5.665334534508875, 7.209605576042378]","[-0.049029340838036735, -0.16036008104483077]","[0.5565531245337582, -1.3354815690998914]","[-0.23811043631205406, 0.04600274725327412]","[4.273225862166157, 4.122382643137095]","[0.8929538701087693, 1.8296202017160872]","[3.6061823521257947, 5.1841193983281695]","[5.526981391363753, 5.007560180394133]","[3.974035182519222, 5.607289015101693]","[5.43235271420034, 4.282818099277528]","[6.848109104105553, 5.540017801723141]","[5.312062131726738, 5.8582704301818715]","[5.411565719164282, 4.058596830997975]","[0.44130715169924584, -0.7331561971099966]","[-0.8220760118279274, -1.2192844665221938]","[-1.6158867874104728, 0.29964768783734813]","[4.641596424487111, 3.775000111339949]","[0.5531491563792091, -0.5482002981667726]","[-0.4519493719118777, -0.7893385057196743]","[5.724591778723123, 5.44848545419644]","[4.6322154734289445, 5.702533313933856]","[0.7828737349485725, -0.43112556957509907]","[2.2261850600660833, 4.820380278594366]","[0.7313802525749924, 0.5904220612514635]","[1.1927351654164144, -1.2578681559088878]","[5.953176254329354, 5.78907520139991]","[4.113959753021623, 4.667420620150125]","[-1.040193719815898, 1.945195074276933]","[3.0574294285625934, 7.359614259100104]","[-1.3569355696995753, 0.223153054747697]","[5.428761258880764, 5.770463595687227]","[5.97048845961338, 3.7417353706327123]","[4.472005978234386, 6.353069160166408]","[3.73336800489339, 4.010349033835636]","[0.6855897462984164, -0.1416485860101269]","[-1.1793691216326172, 0.1722543864110375]","[-1.5859833122379583, -1.879924385139045]","[4.060434832746042, 3.1917046715004855]","[5.923044827226762, 5.406094018848667]","[3.5731734232186576, 5.069337161715348]","[0.01843393306539316, 0.34758170536167105]","[0.42588720619303577, 0.01914777741575206]","[-0.5395912207371316, 0.8949105560268252]","[5.930887382791838, 6.810522478420993]","[0.6813623265753054, -1.1536922813398585]","[0.4096361186839937, 0.3569727592669261]","[1.9625871905307948, 0.0036956718478473255]","[4.797661093129912, 4.8167547567907185]","[0.169360824036078, -1.4137144969049802]","[0.8691560643892732, 0.8872908372667421]","[5.609880047190419, 4.960073536626636]","[5.435947629715472, 4.238058761864917]","[7.34562416189644, 3.5999287655982615]","[3.834558473778943, 6.470661990652289]","[3.6462453252902414, 5.734476745001218]","[-0.36550593698526584, -0.15129922023252232]","[-1.9670697035871523, -1.1171864617070024]","[5.4394526904579905, 6.267960487103089]","[7.052073311421935, 3.2940409051092647]","[0.23962751823899794, 0.7330542814659985]","[4.783998578426886, 5.333965149676191]","[6.349179048888705, 5.024431840178035]","[0.2577525401427507, -1.2417605754816243]","[4.795292766477712, 4.6135051096772095]","[4.823866496449022, 2.100486120131518]","[1.1038773433162576, 0.4751677464953816]","[4.327606415673498, 5.336499788820901]","[-0.1343087414705478, 0.8108082731597821]","[0.33417641724489744, -0.15525904882474875]","[3.0367108521610255, 5.460824865403866]","[4.6226134825377905, 6.344854031180694]","[4.405789127618333, 4.383856541951056]","[-0.8176823966051338, -1.1338303568063541]","[5.0690851927242715, 2.1893716833819163]","[0.6820694900626313, 0.12617790366196718]","[1.9203675021442612, -1.222895019555564]","[4.98343159017748, 5.6833245115160915]","[1.2208212988130478, -0.8767737812118448]","[-1.3927354721669964, -0.034550623953963515]","[5.86254348461517, 3.3050265614833876]","[0.49968511030293383, 0.4720022709192744]","[0.09806753953894455, 1.2958717818630143]","[5.780201721186075, 3.8257977042798537]","[-0.36361221221385587, -0.056945623721067457]","[4.165170089453327, 5.336601427562167]","[6.282794968838981, 5.078007418478857]","[-0.7330329955239894, 1.8180619225578247]","[5.698953071717421, 4.370962138796389]","[6.274683849679486, 3.8643640952421707]","[-0.7353034606819523, 0.7214793237573432]","[-0.8353470532597573, 2.1451491277733883]","[0.7569886166453519, -0.9221653241776254]","[5.830161372346304, 5.372842248655825]","[4.631380634214301, 5.8070464166066875]","[0.9135846262332494, -0.8031789506803448]","[6.1809899053056725, 5.403274563037172]","[1.2676515111879738, 0.2887280030098363]","[-0.47193186578943347, 1.088950596967366]","[0.0754336389015928, -1.6019658118971685]","[4.668221228227877, 3.471408703740714]","[4.578869765198916, 5.447930732772947]","[-1.0736886589177526, 0.08108254290082371]","[-0.1973384203073261, -0.1512732836535117]","[4.50843806098107, 3.587274241099444]","[-0.2798103423770061, -0.9645377949101913]","[-1.2445425000847228, 0.23286808742689824]","[5.474633485566792, 5.70759182197462]","[4.7151630622577985, 4.893805909960247]","[3.4969531406425194, 5.995693754370362]","[1.1395555360254692, -0.38736196455281124]","[0.06023020994102644, 2.463242112485286]","[0.27669079933001905, 0.8271832490360238]","[0.9965705105794472, -0.46649537922819795]","[5.252003761201928, 5.5990841852948225]","[3.805813348588156, 3.9873555585569105]","[0.7716987106483447, -2.8485426206300755]","[0.6137708557899086, 0.3754558576272528]","[1.5505004928140769, -0.998354040738791]","[0.06699071722487192, 0.5159392177040995]","[4.923134592996338, 6.313473161325237]","[4.742947591186935, 5.277552513493532]","[5.372648186480055, 5.166493127115125]","[1.220282896417717, -1.0766791274710135]","[-0.2724100166036872, 1.233724278336193]","[-0.21406769772786138, 0.3794053976051097]","[0.015618333949603047, 0.9022771737866472]","[0.200459631413729, 0.6089053562546319]","[5.883606785994169, 3.6338016623310825]","[5.773557706206813, 4.504294053425101]","[4.099839772126337, 4.586551296528205]","[1.0484826510505925, 0.4877748210843382]","[1.0729780477660118, 2.3638724946193608]","[0.08228398927542419, 1.0654803750653512]","[7.585975175683895, 5.41905073475346]","[5.129998225801596, 3.936963727146282]","[6.907490672553268, 4.02263588251629]","[3.7534380338405735, 3.368932374805021]","[-0.6082265074447593, 0.3631156277445234]","[-0.5893647569442115, 0.8496020970210246]","[4.19065331520512, 3.9742766050253926]","[-0.09546424708907303, -1.7762463334664518]","[3.6922234348523393, 4.65489590318081]","[0.3241663524884421, -0.13014305436768459]","[6.024774112281728, 6.168580364273382]","[4.592984108193229, 6.850781142435734]","[-1.7033824393551547, -0.05554769889661878]","[4.1046456263408, 6.062853693033216]","[0.9639069340758625, -0.020098751769651646]","[0.15449366559525113, -0.3365525898781734]","[5.9737262308523675, 5.298797780321762]","[4.84457756747224, 3.8442924250830846]","[0.6387302220291846, -1.1430049127304835]","[2.632522346626722, 5.35377063089139]","[3.7105194127903127, 5.05844948070565]","[4.1445173040744185, 4.726372389606732]","[3.170318184791917, 5.615967006046838]","[-0.7539645888666763, -0.28067507686677406]","[-0.10434279298689192, 0.3933070500053236]","[-2.3203155982304233, 0.7826298263165181]","[4.606617702255343, 4.237582049397085]","[3.1880106624379456, 4.049309306584745]","[5.052457386889444, 5.779828640755049]","[6.310605912813463, 6.171101971669559]","[-1.3495762115515322, -0.41521376790527154]","[-0.524662407066803, 0.4936548476431509]","[0.17521141890851205, 2.98525900260341]","[5.063232146513101, 4.724160040103543]","[-1.1701130260593595, -1.8019804375800197]","[5.640026618384329, 5.356412583534376]","[-0.31905393566661816, -0.796025856803489]","[5.065784689474749, 4.399170360904085]","[5.583837081539059, 4.564751802994832]","[1.186734620177331, 1.4363354057059785]","[-0.20035257779416388, 0.23184209213484805]","[0.5720062783004729, -0.7047284356108838]","[4.600534509527147, 5.129187473331711]","[4.071780032651982, 6.243428278102925]","[-0.26987493529337125, -0.9787637157823074]","[2.644296509872642, 6.5745863577623425]","[4.369857169857653, 5.5740419308840305]","[1.328194141849058, 0.5562300094006599]","[0.738810480887503, 0.6153674840130534]","[-0.08343796979036086, -1.44964521969853]","[5.857158388423288, 6.524638596482756]","[0.9552692372072055, -0.038742894989543024]","[-1.9782252493748103, 0.04693490206036963]","[6.963552833543816, 5.335160566535118]","[0.7077519354554754, -0.5624667758942676]","[-0.2489641484790735, 0.9715709509543554]","[5.058608917371792, 3.772171433943008]","[-1.7785875840065168, 0.31965182591897723]","[4.948045229099222, 5.281348347489577]","[-1.1808128153088449, 1.114321694668872]","[4.942602536213206, 4.949199211380466]","[5.467950422131851, 3.829719293603225]","[4.04538189804994, 5.518218950445411]","[6.154997560541617, 5.193661764516799]","[6.575875809501969, 4.95220074961521]","[5.409064938334057, 5.666627883456891]","[5.413147475952623, 4.766791501793606]","[0.6255080168310357, 0.885231482988991]","[-0.6573725539947244, -0.048965030858450255]","[0.12810441491078928, -0.6810516574748808]","[0.5008315910042116, -0.87847380134206]","[0.39922312260527926, 0.647195939702741]","[7.865212023085963, 4.098007350556802]","[4.965058499541367, 4.092673440627735]","[-0.9087696708079733, 1.6845248346034518]","[5.09116814666644, 5.788204140797187]","[-0.3307748960230527, -0.5101608136502173]","[-1.0584406336416528, -2.4980610174929394]","[0.8004095252276823, 0.7542913298135743]","[1.3103087461196083, 1.395683810789956]","[5.0163742419312936, 4.013057263498443]","[4.697902958975394, 6.587400602415537]","[3.9608888316322606, 6.687548055236793]","[5.479003143392759, 4.138690420302892]","[5.33276047863701, 5.55982844882806]","[5.308009902217341, 3.697155236475255]","[6.197178531461913, 4.2289578428587955]","[6.20357805453346, 3.5107157355597822]","[0.014273067836434106, -0.9539394193966448]","[5.464251238123004, 5.609135519053513]","[4.831580287971119, 5.603645738960738]","[1.2907584241224281, 2.5879089735306846]","[5.460415649842824, 4.8604579570720965]","[5.777797630877715, 4.267700450262912]","[7.64201191049262, 5.598099155047466]","[5.440353993877913, 4.479031448768904]","[3.8665789817073772, 5.349923715249393]","[5.949641498616534, 3.284906652817461]","[5.6581430360025635, 4.604716451983819]","[4.021692050177502, 6.798480087138118]","[4.45697805361421, 4.303058539861904]","[4.078176343679786, 5.099988163765552]","[0.9513062442994834, 0.5268979236657937]","[4.918806815864531, 5.835333435364835]","[6.143566044928613, 5.106493980290092]","[4.428071453801567, 5.815324166809014]","[0.19259691873130513, 2.3921096352739926]","[1.4069347458917507, -0.4841184945848177]","[-0.6556877194614437, -0.2357112448566685]","[-1.8518427315746586, 0.7835896647986067]","[4.818266462384094, 4.0586185138607345]","[5.532783209322624, 4.1944733174894795]","[4.456579570223483, 6.263855939096389]","[0.33855287628591424, -0.9379255765363989]","[5.058370290817896, 4.396141068763045]","[4.397375695385443, 5.001783041104609]","[-0.5302576183724408, -0.7928728322623442]","[-0.07443342910004629, 0.620672097550678]","[-0.08268068584269925, -0.12174750838328353]","[6.038606069208816, 5.093158337699743]","[4.842975171555292, 3.7898390565858424]","[-1.2804555710024668, 0.18947982122108065]","[-0.7859894605079495, -1.331232953557778]","[6.935861025680604, 5.13585590156629]","[4.600229488556942, 5.157145783702535]","[0.4042128652773321, 0.7158727446909595]","[-0.9858038086678267, -0.2841550979287972]","[0.07125374991089249, -1.2935076252040958]","[1.704592093297377, -1.1081124582588693]","[5.216719642122883, 3.58317647205081]","[-0.6267172245899651, 0.8623934723827588]","[1.6725723868377034, 0.4190190093660452]","[-0.8323555731042287, 0.4714155563864041]","[-1.3650217954266353, 0.7014947819247145]","[6.106774518624329, 5.414784462079242]","[0.9154021177020741, 0.32875110965968446]","[-0.21701705042437042, -0.3084827884558197]","[-1.19363683175648, 0.9191541736100015]","[0.9863765059059371, -0.7119732272589228]","[6.551245266427729, 5.882286492599215]","[5.633225310115094, 4.612370167336754]","[-0.9951484818533795, -0.18150316213566714]","[5.043828799460428, 5.95580274511248]","[3.0209813065102877, 7.026817116042393]","[6.897887292658705, 4.886187461586242]","[6.607915061119158, 6.353453647621203]","[4.825352054318372, 6.360168130828013]","[0.29094736433948537, 0.9578396311082676]","[3.298859525732758, 5.374062088131043]","[5.854903922636402, 5.009395354575849]","[-1.0623935281468797, 0.4283070972076486]","[-0.23415337472333597, -0.23413695694918055]","[-0.44004448669698376, 0.13074057728609134]","[4.679614940563206, 3.2206010694927794]","[0.42154608353656126, 0.2668183962954019]","[-1.3902219251534627, 0.15776143929376948]","[0.47635776935621926, 0.5054701591666269]","[0.8903831635197862, 0.5752050161065663]","[4.149217251371846, 4.271209803622616]","[4.07411009610885, 4.886333310918564]","[7.057811177097762, 3.561588833205441]","[1.6147787907098514, -0.3220281544920584]","[0.5027448074908146, -2.4932708203300775]","[4.923760982679402, 6.496880273850856]","[4.941569881002512, 5.8264033173305245]","[-0.18414581568320207, -1.1301787294846835]","[5.4076897368371775, 5.580999539961692]","[5.579346759756776, 6.41202687854325]","[5.867805459542446, 5.22740507899162]","[5.82257292120048, 3.688456033962999]","[4.313461246846231, 6.16337605516355]","[4.571681742202244, 4.989534870947271]","[0.03823799496002834, -1.4485914146335441]","[-0.22859991534001858, -0.9943493746085122]","[4.680167735871921, 6.600907991888915]","[5.335054351912172, 5.564789105907648]","[4.7848861998295105, 6.542276627661302]","[0.3231854824582059, 1.2838168598535613]","[2.062524919243145, -1.0675329142542729]","[-0.23040071420576733, -0.9242331442683044]","[5.37755473283791, 4.817959568914344]","[-0.01987363536831157, -0.10726476581094174]","[-0.4710383056183228, 0.2320499373576363]","[5.2128243986699685, 4.989647710092263]","[4.827625042546338, 5.7147317275177]","[3.670992362776552, 4.2576719871234285]","[5.0218888211648345, 5.316952006984115]","[6.052547310734749, 3.157063093752324]","[-1.3793192280145272, -0.7309300399419191]","[-0.1131280525157404, -1.2992163634458243]","[-0.11122606134870032, -0.9039076414647897]","[5.4998216359738095, 3.0088598510453335]","[4.7118497375774835, 5.150474498773901]","[-0.8782632528234666, 0.09988695440921298]","[0.3436182895684614, -1.763040155362734]","[5.955388571179851, 3.802467688734838]","[5.413372029130396, 5.0546117829100705]","[0.08127842205619876, -0.037893081716830875]","[0.5462842480036996, 0.0064222698109378164]","[4.472298588079394, 3.87271447629307]","[0.18102155870370695, -1.2968319479558466]","[0.19839351717748668, -0.009182353385138937]","[3.9986853458020333, 4.077811094568372]","[1.1731246375866413, 0.3696421921980939]","[-1.3944950688592617, 1.0538915522958832]","[8.157771283044298, 5.906787272932399]","[3.9703037603669395, 4.515982876377915]","[0.1605739810498646, 0.0030460201534144695]","[5.349615331028385, 5.133499419061372]","[5.715236583891233, 4.606648875177127]","[3.748800863366322, 3.4674817231703363]","[-1.795643172630015, -0.3300901917014373]","[3.8869358988128226, 5.433063946741319]","[-0.6353623888256293, -1.1896666590903613]","[-2.391956204313024, 0.8447743757816999]","[4.88641188637895, 4.6174161572775665]","[6.516116180355043, 3.492447055366579]","[-0.1767741631157821, -1.5486182988637467]","[-0.5297602037670388, 0.5132674331133561]","[4.92916315208391, 5.091124867253377]","[6.744583870075249, 5.8598335614674575]","[5.233865101009247, 6.164990882563923]","[0.25988279424842353, 0.7818228717773104]","[0.5872624134641767, -0.20562785364324765]","[-0.9913923494563072, -2.153390113603715]","[1.4926885689595217, -0.2711236010425688]","[6.544841462418258, 5.604097426355567]","[4.421886541284357, 4.741991463802391]","[5.2620165743584755, 5.933422954475864]","[5.022500388245439, 5.76379977236326]","[-1.9754877712171375, 0.7510994545073101]","[-1.0105982199289134, -0.5152183938082427]","[4.166401717033594, 4.3201114602638135]","[4.37132975296914, 2.38186680130772]","[-0.524567013767051, 1.3522026788671444]","[-0.1833007095261973, -0.01979434452070797]","[-1.0589075870566005, 1.4816634024625988]","[1.5541604207147741, 0.8539759765522237]","[-0.7924199209999613, -0.3079615296390403]","[5.60826716634419, 6.345935007838316]","[4.315187890261104, 4.9057309292351]","[5.162796618099913, 6.495030309735838]","[5.235455795111115, 1.3116347085715558]","[4.436918922947626, 4.053435481472185]","[0.6969544045107356, -0.33381948975600995]","[-1.0512200297825027, -2.5317693162508137]","[1.0800560591393102, 0.9427885141400756]","[5.263755584822576, 4.441200427937659]","[4.657695156550851, 5.9020913115882685]","[3.7762551533437305, 2.522493881370983]","[0.02421945667275807, 1.4122205554154292]","[5.822350470895754, 4.163019645560413]","[-1.0708524186844388, 1.9114190871397234]","[0.07660907045165961, -0.5117635579423034]","[3.5068101877910687, 4.831215262584051]","[5.921936378007617, 5.851409936762654]","[0.055724912288694604, 1.0941915184709485]","[3.1170165533282734, 3.476402189331833]","[5.032863373980213, 4.617221598290442]","[4.61718251901325, 4.3939161677803416]","[0.6779258713392691, -0.48791140814570266]","[5.085594703944525, 4.721627032392106]","[4.918105620427507, 5.991191112926666]","[-0.29967664800678706, -0.05020461704174478]","[-0.0070449854805546995, -0.21560957856802238]","[4.388998875910371, 5.796340019748833]","[4.493910708808111, 3.866957652622538]","[2.6039177116695837, 4.321019653536868]","[-0.7342333219710379, -0.14152963733784743]","[5.410383276786892, 6.2146667801329025]","[6.270088025254897, 6.295007149938418]","[-0.05390484900573916, -0.9823035803773146]","[-0.0809173376626882, -3.1704257358780557]","[6.725693792814771, 5.121844464132454]","[2.9346972249593897, 7.121631307330203]","[-2.4242402602729416, 0.8840453963610497]","[4.93822393772944, 5.163427820386131]","[0.3344385148485215, 1.478071898356444]","[1.4273053642892164, -0.4194347526585506]","[4.140386486121546, 4.109431189408985]","[5.9653266671611265, 5.704336209854079]","[-1.9792998103757877, 0.7479102561175338]","[-0.6124373746404379, 0.36150352520610163]","[4.408605270161953, 6.555198534147342]","[1.159381043300522, 0.973101561015072]","[1.3508523306990055, -0.6536791406374189]","[5.1822802235378695, 3.6858004703768907]","[0.46926758980852623, -1.5355721232071058]","[1.5284684264125317, 0.5078357562896237]","[4.162594274684508, 2.893110885373919]","[4.777425072775147, 3.3180312160145893]","[1.4974316831796264, 1.8577023435377324]","[4.598790793455322, 5.7095994793835665]","[-0.9245641143780999, -1.5975991695954321]","[6.201931669539543, 5.0087884426320715]","[0.6218099622171964, -1.5702247198904564]","[6.590403568573638, 4.430851801327466]","[5.655554358288453, 6.805668878116265]","[2.3146585666735087, -1.867265192591748]","[0.003147726906326633, 1.229990368438683]","[-1.1997252650902135, 0.6989196850807888]","[4.995927162878565, 4.95874034734994]","[1.362562852712452, 1.6406145634882874]","[4.678247296009792, 4.967518964157906]","[2.9316242845689677, 5.0893952789316135]","[3.7296379536749136, 6.15469376671672]","[5.041895921154277, 7.636669141945589]","[-0.3286184757489846, 0.6031874310823431]","[6.021962776678142, 5.211209399224456]","[3.624365911213638, 4.526354542348809]","[-0.11232804969082982, -0.22096959953322298]","[-0.9163209190734197, -0.8369207037962799]","[0.5987943895619102, 0.6683404887180808]","[5.337482074726399, 4.736692193122084]","[5.863437280189879, 4.984436911129706]","[5.2190715625376685, 4.524607757785458]","[7.291911266818686, 6.867462004161351]","[2.1898029332176723, -0.8082982853551515]","[0.678946987762233, -0.81240234893742]","[-0.5893322314273619, -0.4586386361010845]","[-0.04737070254443595, -1.5821767633461272]","[0.3764095260975166, -0.9020515543575104]","[5.281192017910276, 6.8325612403560125]","[4.438949147977732, 4.749166328188769]","[6.132926387301035, 7.0604226984446985]","[0.5964411375817527, -0.6342858476894031]","[6.389764133946356, 3.6547903291913975]","[2.784177574979332, 4.8045651534772364]","[-0.12517442838316423, 0.8468821038849139]","[5.831498866931662, 5.798091048661561]","[4.975601432763844, 3.5777703504937928]","[-1.6064463202575725, 0.2034636358672231]","[3.5412416074693063, 5.235135299366188]","[-0.11522423255219759, -0.3849428884100812]","[5.9811497155703535, 4.6130705534000525]","[4.2250371759360155, 6.368094236814898]","[6.542547211374117, 3.580122835729071]","[-1.7422216926352752, -0.5460417988167212]","[4.343902763994358, 6.2692556718986205]","[4.164129744381694, 3.9041291892012824]","[0.06752820468792384, -1.4247481862134568]","[0.5731278132412001, -1.7858664919341112]","[6.4338328386598445, 3.6227045107279]","[5.836484137964941, 3.9322774229614548]","[-0.5765104007267194, -2.59104229214491]","[4.636868353182922, 5.85440200112072]","[5.427962626552635, 6.7230747176462495]","[-0.6414815952229522, 0.43192254467394064]","[4.651842603182687, 4.925073443881552]","[2.4267164863455224, 0.43295982536069616]","[-0.4694743859349521, 0.5425600435859647]","[4.020699769717365, 5.163360354915801]","[6.396760177398491, 5.444968315376176]","[-0.0739475656083926, -0.4516594761596227]","[0.6347214685617699, 1.1096998419562232]","[0.29096473013744295, -0.5070086592700558]","[4.369541545814522, 6.637082407992742]","[-0.5859276733177553, 0.32910677871012955]","[3.630536225343942, 6.764825883791736]","[-0.8583577801812136, 0.7003098794089914]","[0.9331280723410693, -0.22272070077660705]","[2.2988981236192503, -0.36283856043965906]","[-0.965664803523208, 1.6291663649009451]","[0.42934082280173436, 0.3796396483859655]","[0.6594512411136115, -0.803948414727481]","[0.6818914896263114, 1.8467073257360336]","[-0.5969742867210739, -2.390304367469438]","[-0.5694497744921104, -0.12402138738999703]","[1.8489560949453452, 1.1265650295477574]","[-0.04551224530124217, -0.4242363333980435]","[-1.388542553831211, -1.60027110450371]","[5.147298000389084, 4.319505952235953]","[0.632407739055521, 0.9725544496267299]","[0.0012054753622242368, -0.8170886310681906]","[0.22668424849459717, -0.5615577463306254]","[4.2800104667780605, 4.075937192658935]","[4.697730607917474, 5.530867162067149]","[-1.0973683189710666, -1.4769249275319014]","[-0.5466800845872654, -0.2716551103260533]","[1.0071572005966691, 0.5179947763914519]","[1.0074439731951985, -1.2549226680022925]","[5.210008308022589, 5.61516398427858]","[4.676957631226993, 4.632762999200714]","[-0.23591652931212392, -0.4068852445043747]","[-1.0016200098949155, -0.2811002928859549]","[-0.9727645167600009, 0.40662203422267407]","[0.1847104747810833, 0.937915537510655]","[0.7326400772155792, -0.08071658010858232]","[2.1330333746562666, -1.9520877995225019]","[-0.15005558703252672, 0.12557645347154225]","[5.496634614979896, 5.635100011597926]","[6.540752376516773, 4.473517645205077]","[5.4391501337004176, 5.833179431270182]","[0.09965136508764122, -0.5034756541161992]","[-0.484173951248737, -0.966246319753254]","[0.04435879751560705, -1.745707432859652]","[-0.5245202662797737, 0.48937456122791806]","[-2.6968866429415717, -0.05429486651781221]","[-0.5698329282387588, 0.32950873557300914]","[-1.0385438208439723, -1.6312758154609455]","[4.838045183058672, 5.438412699496645]","[4.89302853014152, 6.942245594756299]","[4.541123154975003, 3.9824152227866243]","[0.551885971822154, 0.6802302084176292]","[-0.5176112990361714, 0.2237879516388985]","[-0.027514905050636255, 1.772251596669744]","[-1.7312013034449254, 1.494938227453236]","[3.8124468332249597, 5.5789098180691346]","[-0.9005903525360617, -1.132784951267745]","[5.33835744193596, 4.007421993271177]","[4.28869677305052, 5.117124216149851]","[-1.423957152450145, -0.2666523292344148]","[4.697114756201007, 6.346099794514258]","[5.385212652259354, 6.120685706422595]","[4.495701984187376, 4.392176107384376]","[0.37114587337130883, -0.6039851867158206]","[0.14488783309689118, 0.02390304328495547]","[-1.0325239035275395, 0.39792704994680894]","[-0.6117690909052854, -0.03703679704841202]","[0.5169465157483709, -0.2215132629521239]","[5.0870164803923865, 3.963856428024803]","[4.500548807114787, 5.669085210267524]","[3.556074452926243, 5.4448535375574885]","[4.704943810194358, 4.53714371428562]","[6.601074306164392, 5.891840579594813]","[0.19042388992505774, 0.44921872128503426]","[6.0270604268730175, 4.352127710353479]","[-0.856348518281204, -0.6116337366945591]","[-1.0128311203344238, 0.3142473325952739]","[6.187077678741756, 4.035210262370314]","[-1.1033666061738736, -2.152890592952483]","[5.767479344554131, 4.998285846330936]","[6.071515935581038, 3.493465969809601]","[4.855121438052113, 5.043040870850388]","[5.389945599383437, 5.074887584371558]","[5.107760055452543, 4.750106264187954]","[5.295933240346095, 5.135428834719957]","[0.3676492929914216, -2.100026507651624]","[3.729511754418178, 5.963226533893939]","[-2.1961278210999464, -0.16212397547985843]","[-0.22648409884983192, -0.9594392367234797]","[6.515413815348209, 6.146487158733038]","[-0.3216350512173826, 2.076747983560841]","[-0.7094311573284758, 0.6445954324151765]","[4.7536647188201515, 2.698528282330013]","[-1.5193460754768424, -2.832155598110569]","[0.7157342411708404, 2.394361900582451]","[1.6994359830087096, -0.40179502694163366]","[1.9647251329163893, 0.03526355197172861]","[-0.029216405853985244, 0.775115121589086]","[5.358917583740659, 3.9602067754717654]","[3.9222792542083984, 5.343158554197417]","[6.744311114743111, 5.663597868560763]","[0.4940301862827388, 0.2606737658239071]","[-0.44184892724082386, 0.11088638282841785]","[-0.3918767653868664, -1.017764309076953]","[1.6733639461525236, -0.5894523999387185]","[1.4511436077950417, 0.9592708260852069]","[5.385710840531452, 4.190109900910592]","[3.0953253065345363, 6.4444121950550874]","[4.816459677983534, 4.885049068508158]","[-2.0650830462563206, 0.02845758118315888]","[0.19109906801990334, 0.04643654815614881]","[1.9814432294322075, 6.578945092717976]","[0.2891686439078181, 2.4553001399108942]","[3.929331628583403, 4.4723462238216625]","[0.5655096456315442, -1.7607627591558177]","[4.50268285364233, 5.294082038793214]","[5.894232774500935, 4.233677475218574]","[5.074509593826773, 6.025632113872582]","[1.0375399442578992, -0.510016398854747]","[-1.5375847964491753, -0.1449045790814313]","[5.029190503935568, 5.697974030130098]","[6.103217572053659, 6.441942401952601]","[-1.3668583632808264, 0.5925672738473307]","[5.139028686953125, 4.954877109675948]","[5.686774070503355, 4.358178596055659]","[5.183012928311482, 4.008472958895368]","[4.106253980916286, 4.612035031092548]","[0.0731969910016945, -0.15024298879825998]","[1.2347519140447951, -1.031955242094435]","[-1.1063349740060282, -1.1962066240806708]","[0.1909165241437107, -0.03633060804234174]","[5.611070905110571, 4.233533568980212]","[1.0817667276728287, -1.3122191934314063]","[-0.20812225035727522, -0.4930009346588328]","[0.10420110395187607, -0.06259312789952241]","[1.7549330716472415, 0.01840163078343813]","[-1.053682419146354, -1.067802921579193]","[-0.635409880228737, -0.041292687007282836]","[-0.9218598131253132, -1.0039573720814985]","[0.7978437798957666, -1.8593367716600575]","[-0.9232332461109043, -1.3516846056163336]","[5.749282556879451, 4.402521141975597]","[3.5027676055158268, 5.72651162233606]","[4.481865943333142, 4.461762869925211]","[5.3308670284063515, 5.749766628489185]","[6.734041954422619, 5.384209221649463]","[7.022174100087378, 6.831177135565888]","[1.1797252083607102, 0.1941076309533577]","[2.0266938287074425, 3.734363554910189]","[6.030249693969567, 4.619963153710646]","[0.513907849658915, 0.17958178193959795]","[0.2525688459966235, 1.3845320475939062]","[-0.16041938197534772, 2.5009004979342815]","[0.1263141994832002, -0.46913085421040895]","[-2.0362205028559366, 0.047493468251642953]","[6.434001003730461, 4.113360830795402]","[0.5689830791852754, 1.628396623128538]","[1.2276689924732922, -1.2096410186912054]","[5.077078611381493, 6.0556942488831496]","[0.32685540061043733, -1.3892987302109903]","[0.9960476858058164, -0.7567950885694608]","[4.728269960130292, 3.130268338045009]","[1.6957228778108653, 1.8972886947731116]","[-1.7710685530880912, 0.47154238041820573]","[1.191707497107065, -0.08371795984921201]","[4.132077537248846, 5.557137618403482]","[-0.7699960661974573, -1.2961166642498945]","[4.6366879916114545, 5.296572676694308]","[7.92727009247333, 4.005644934369126]","[7.064220134852411, 5.15809487586681]","[0.00020706491819709385, -0.009300321138614417]","[5.233595081261576, 7.116803054963853]","[0.9356783931474612, 1.2715550949941588]","[3.1054188495276973, 4.839961326420656]","[4.5197855658676005, 5.268850786400992]","[5.9065441571099635, 5.072252048237916]","[6.19836856937346, 5.01433642217576]","[2.1439440893253257, 0.6339190223180112]","[-0.4288479256060734, 0.4158368362860605]","[-0.24032539815813503, -0.3748208075495975]","[1.8861859012105302, 0.17457781283183896]","[-0.19469729611668168, -0.06418817710849775]","[6.214944106854969, 5.105770383524123]","[-1.9093560875072928, 1.3183023248526693]","[1.5985381120963413, 0.8021284586181193]","[-0.36927713924620315, 0.14338846734225108]","[4.001693224708945, 5.5187930174517215]","[5.3360754125053464, 5.500112829620867]","[7.1458249250764885, 3.4550640778465995]","[-0.3405987069098615, 0.5001430331138838]","[-0.22320225463480511, 1.4898634386020821]","[4.856340470102882, 4.834919434996954]","[4.69049011407277, 5.1920042369686765]","[-0.221253623585772, -0.27681329988892067]","[4.196889166046685, 4.268142691584114]","[5.5024996961292905, 4.109251136447736]","[4.440836164940792, 4.539693237425637]","[-0.23596998721097162, 0.7441857103150346]","[5.82014359412306, 4.532261316141418]","[5.0683715659676585, 3.2535332744209664]","[-0.9273531341905741, 0.23836898273478513]","[1.855503314794263, 0.22423474453529177]","[5.520689496422669, 3.920467147833961]","[4.18259186558566, 5.321291470757388]","[3.27081711049658, 6.9529173824895105]","[8.377382919082645, 5.6765074764399746]","[0.10343812930810638, 2.042076040143744]","[5.91987151595443, 6.018923240089898]","[0.41486550036191044, 0.4632885301181062]","[0.058208718445999896, -1.142970297830623]","[0.5101574689151834, 1.2725701629285695]","[3.5752343462785108, 4.787548297286944]","[4.735644166796533, 4.2257961816471]","[4.837296298430908, 4.128806969992369]","[-1.496529255090079, -0.6500239344068982]","[0.8823330623234091, -0.45209033283308037]","[2.846411887055448, 5.2244200383822506]","[6.031380525277331, 5.388185795654733]","[3.7225633961546576, 6.15658165159424]","[0.26705026586925884, 0.889630795623437]","[6.361006704769774, 5.064791350123381]","[-0.10015407647995278, -0.20367375017696587]","[4.060032170849934, 5.476651040800557]","[3.4277694559218705, 4.692539099984858]","[-0.13851224460722475, -0.42389004232235256]","[5.305150835874973, 6.148090866397433]","[0.2731184342936442, -0.9982122585114053]","[-0.02640575695892703, 0.2801611588196068]","[4.190275164232716, 5.187800338042522]","[-0.3152966552861244, -0.941022700666379]","[0.9778155496862003, -2.1056469418403245]","[5.175574084925822, 3.9752492499236096]","[0.5609194479412387, -0.29548031802916036]","[-0.22247489677826537, 2.046862195719558]","[-0.6414869090443096, 0.487872284871074]","[-1.1571166187132709, -1.3331283547778066]","[-0.5041798310076715, -0.08152267310164589]","[0.5112025995249807, 1.3736585451629577]","[0.5514762752395233, 0.3405892164004968]","[4.310670931919928, 3.589532583587225]","[0.326133022242118, -1.251113576385303]","[-1.7760117540484022, 1.063940987560856]","[4.500861048529634, 6.197168027247853]","[4.10640498628088, 3.3586198843979034]","[0.33231401197959165, -0.7484865365565536]","[5.917768197795137, 4.6896038635244865]","[0.4384757388097273, 0.019616657693989903]","[4.239636358783869, 4.60638841796699]","[4.539607667343345, 4.972030585513018]","[-1.7249178325130328, -0.5622875292409727]","[4.226970290397297, 4.129272228356259]","[0.27658150559104877, 0.008556080824349832]","[5.182170627712102, 5.891877634570275]","[3.76745968877972, 4.315508269387203]","[1.7388513518533313, -0.3212427661179117]","[0.6405429350747734, 0.12307820165618115]","[4.597166571525196, 4.8306711428849525]","[-0.68604975703518, -0.6172122466479616]","[-0.35141423571373254, 1.5634133588321082]","[-0.370508098590029, -1.405567019178642]","[3.3617543409054664, 4.74040327819073]","[5.033023307193033, 6.346941244388995]","[4.752664036103582, 5.3332305349900215]","[3.918586619260713, 5.335847264720069]","[-0.06413834659299254, 0.3287624103034804]","[-0.9944285217997922, 0.249548189598077]","[-0.34268759408034877, -0.37144086599579146]","[3.0768603701805035, 1.360115900180313]","[-1.090399077442846, 1.41093237974627]","[-0.38502181171286365, 0.38298898474092846]","[-0.14994071907910936, -1.433151814524712]","[5.09600926799705, 5.2020745061613125]","[4.554204686173183, 4.496277663170546]","[5.388647246033311, 4.731378376061936]","[1.959837254744675, 0.4506130494313883]","[-0.6540756831274238, -1.830632896856457]","[-0.8050951810305088, 0.1884757610181029]","[0.9531250453760867, 0.513085420097293]","[4.487411203021491, 5.683212404001069]","[3.985835781873032, 5.338975893668262]","[0.5150476863060479, 3.852731490654721]","[-1.1617838439123638, -0.28313889674376713]","[-0.1314725956716678, 0.8260471714415063]","[6.269613262599843, 3.7548494240399144]","[4.438069886142074, 3.571095393488273]","[5.5948543733972445, 4.386788107524003]","[5.3056655686425955, 4.268745431187043]","[0.06980208499001891, -0.3853135968617602]","[-1.2374266382225725, 0.10940847183297006]","[0.24930859564172886, 1.0450884740847535]","[0.5265366836723071, -0.47741070619280046]","[1.5163940552535728, 0.6021183203924835]","[6.289131835437445, 5.656406565489972]","[-1.1979664292172616, 0.887079776446287]","[-0.5176925728692147, -0.08809124402907328]","[5.09131472861135, 4.619544095833649]","[-0.41619440488525394, -1.1300693390403578]","[3.087148646652171, 6.777294768030454]","[-0.30803428418574125, 0.7796605322693398]","[4.970648297884305, 5.395307252649331]","[2.7087071931159348, 3.8915029092032167]","[7.598822900074582, 3.2759381891319643]","[0.00511345664246089, -0.23458713337514692]","[-0.4888861190436912, 1.5889403284440828]","[3.722628866449382, 5.910907035033749]","[4.2198561186122285, 5.735269309974988]","[0.9411818664199697, 0.19189773587303607]","[0.8280588148933092, 1.071080500402805]","[6.056724911280418, 5.966807104250544]","[-2.0755880090785332, -0.08606969279089306]","[3.548773701098842, 4.075731597404928]","[1.0826910538870733, -0.4711246518178786]","[4.011470992134099, 7.2409265562057925]","[-0.6923507742337942, -0.659039274888645]","[0.08277290378542575, 0.03678283317423478]","[6.807630805670685, 6.6414286277223145]","[5.791140004355883, 4.715204443352567]","[0.8389405004696122, -0.6172531865469232]","[-0.9647054257507148, 1.6284685547723217]","[0.27157883719537346, -1.2767485758203094]","[-1.8207602778020162, -0.7057734830953651]","[4.359845543165388, 6.483743910203707]","[0.2935579321666293, -1.356581804623405]","[0.9944473755089074, 0.6460061871145515]","[3.991566979468854, 3.4702510449959085]","[5.216689097497673, 5.295665551481999]","[0.4441983272906719, 1.1013229577357622]","[-0.6459641791245353, -0.7991920066502536]","[2.5963313988994696, 6.3924559414830675]","[4.656794073156962, 2.914207561094996]","[5.3812446551620985, 4.95939376832147]","[5.346117328797723, 5.492014280566899]","[-0.8561698406617501, 0.03556607403299353]","[4.34546642900169, 2.9504854838116747]","[-1.6270049208667487, 2.0225902305694814]","[-0.8895144296255233, -0.8158102849654383]","[-0.10047572057170515, -0.057390703001542406]","[4.91740742464871, 5.769968731335222]","[3.5760418878023934, 5.178529169720478]","[4.132024577471668, 4.786406757794958]","[0.5972282182533848, -0.9483480042242007]","[0.4912076654119963, -0.35802937974698623]","[0.883109777147159, -0.07783719701280203]","[4.48409468686766, 4.074607742357044]","[0.750872779401332, 0.6544310271056212]","[-0.5835993263460049, 1.0383788510193166]","[-0.49653173548196905, -1.1534924259847839]","[4.262620096502041, 4.165815151267376]","[4.695655128946049, 4.687071032809986]","[-0.11066536855732945, -0.8966422273152082]","[4.29488947983404, 3.650394744288072]","[4.271040749966838, 4.8109857023175255]","[5.688259710772414, 5.547738978737561]","[3.5544818522546766, 5.3619142707305265]","[1.6244208998224, 4.550349806157186]","[5.763902908575645, 4.609605532882857]","[-2.0841129394985884, 1.7246966497611085]","[4.8238875660401375, 5.08298741881251]","[1.6043391083085963, -0.28509425704201397]","[5.336277889247563, 4.262970638847303]","[0.7368438970924334, -0.2813275571182134]","[-1.4152671919241875, 0.21853404241094568]","[1.3842728185105182, 0.5639091200523596]","[4.292447714705894, 4.461209695423289]","[5.245114284372618, 5.726794046401804]","[0.32674476460232005, 0.30047435961082836]","[1.1186323341542117, 0.013043374376952133]","[3.917982214958064, 4.661330946116243]","[0.13416641599584353, 0.42834205066072495]","[0.5320061988219431, 0.3616610612470166]","[-0.1643352058853912, 0.21209335307417523]","[-0.5923559556520536, 0.12354769595558233]","[2.0997217891665154, -0.24702570074599667]","[-0.6514180036144483, -0.48388583405432156]","[-1.4075116947178212, -0.7778166875908753]","[5.699212438671987, 3.3923586894768034]","[0.4004813865063287, 0.13106518621584873]","[5.043710396991984, 6.222807922133408]","[5.9177721505515, 6.210166095365318]","[4.599880338698869, 4.416834282744044]","[-0.6506425691218269, -0.48712538376469605]","[1.2002617497388293, -0.463161362085399]","[-0.7999405067019342, -1.9080021371233076]","[-1.0556394897985963, -0.35368575956700604]","[-0.20063929882543183, 0.3675104105406022]","[5.417095324423246, 4.015366312982045]","[5.606942608386638, 3.158080921068457]","[1.0338810549242086, -0.4074601072916016]","[4.413305411238127, 4.248832780376121]","[6.061816645989731, 6.414029135561988]","[4.156701688715048, 5.702030323667326]","[-0.02230028371805305, -0.6888855425754056]","[-1.372859451481064, 0.35147990035220167]","[-2.1770650464428547, 0.17847666388538974]","[0.29612027706457605, 0.26105527217988933]","[0.9113627221747217, 0.10575379127148042]","[-0.22939074406802776, -0.04347694981386243]","[5.5896392313574, 2.348171936955051]","[5.983852343606147, 5.125886530576658]","[1.0651719657143865, 1.4526167454861794]","[0.14866745720211155, -0.33708597111803934]","[0.08589300629333041, -2.219300372747535]","[1.0760071385985983, 0.02131164867194222]","[0.2620668090867255, -1.9495617177543672]","[5.186990209724664, 4.955726680155351]","[3.5121382965093773, 3.8748138982688385]","[0.02620475277403566, -0.30356432526591504]","[3.885467684991938, 3.2607948478272]","[-0.172946059923423, 1.7117084801423434]","[-0.12951724686344077, 0.5798572852951321]","[3.7604119874749715, 5.607840338735008]","[4.430648576418863, 5.591668049693131]","[4.328692408628914, 5.089198196612571]","[-2.704391631602775, -0.6298845523638104]","[4.779981972340326, 4.87259312761004]","[1.1241127199860135, 0.9475264621228578]","[0.6927690318488605, 1.1058330662947127]","[7.2143299425565965, 3.6522907696905964]","[6.048203967675276, 4.161823517668468]","[0.8814075289235711, 0.7211353625455816]","[-1.3481770454274902, 0.015682236471624342]","[-0.7728776678236091, 0.4070522871245351]","[5.108014120979501, 4.093351454845707]","[4.467006280574046, 5.639902957152085]","[1.6350663945275195, 1.311693449272661]","[6.227034597048872, 3.419396059190831]","[5.307039237251822, 4.948764164467809]","[3.4768275358261524, 4.468588598861575]","[-0.5035696189077175, -0.150614014629933]","[0.33088023221445706, 0.8335289616089246]","[4.372907175227704, 4.959082464804931]","[-0.14037505890533644, 0.3076126681891964]","[6.617044924521682, 4.229575200862121]","[6.3325514676651276, 5.928932013532215]","[1.0240625258114624, 0.5925269492011831]","[5.4416625641860605, 3.5662699751897717]","[7.035531456719594, 6.992094407497453]","[-0.020901593964148132, 0.117327383308782]","[4.637652442453898, 5.7418222943901265]","[0.19905969557347003, -0.6002168771587947]","[6.597397293221623, 5.644689803284233]","[3.5535017964593125, 4.534924053798994]","[-0.8063769291180498, 0.07569494000509344]","[6.0271510358931515, 5.808359549665708]","[7.583573660166567, 3.669773744358662]","[-0.08836295920533532, -0.3700110298821277]","[5.0721532368217614, 5.738237230816162]","[-0.8153756283161211, -1.066234931899225]","[0.08382662792936094, 1.4104591452035038]","[4.36377628734807, 4.434939526448807]","[-2.1356742139786955, 3.1377485336599937]","[-0.581782033392054, -1.1738799644089726]","[0.24496657110872277, -0.5069431753711298]","[5.19286184315019, 6.51842203065218]","[1.1590740649558977, -0.336254738681072]","[5.143426566857493, 5.871524386087934]","[6.298693290993424, 5.28191802075105]","[6.302590396786232, 5.137661940868046]","[4.049046616905528, 5.6959321009408495]","[4.294244437772802, 4.739391667666042]","[0.41055008532761655, -0.2310694774576803]","[-1.6826586941226858, -1.0240285908863795]","[5.402268077201298, 6.32099578954071]","[3.366077040940713, 4.575168652474361]","[-0.8254971967925115, -0.32138584165299344]","[-0.1730718242838696, 0.015579047581467534]","[0.9259751007146168, -0.09107586035302723]","[6.346571662610296, 6.443670319166238]","[4.3229888232096565, 4.6256099667930854]","[-0.6749340187905523, -0.4030759890650308]","[-2.0993562644190256, 0.683223014788808]","[4.013559500900754, 5.516825265824451]","[5.403299604166824, 3.174342004335392]","[5.310539637914204, 3.884782772029081]","[0.6934789119139937, -0.3920126399191296]","[-0.6626237589458467, 0.5705986685931593]","[-0.7493576894227776, -0.22153659758373817]","[5.8331577666294345, 4.369750704995564]","[-0.3653215513121087, 0.1846803058649084]","[0.7918593103880676, -0.5706404302001128]","[-1.2608839543350452, 0.9178619470547761]","[6.104997201804414, 4.622468851440175]","[4.676832334297515, 5.2688123564121545]","[5.975823337288563, 5.0088577036688955]","[1.3227444668851356, -0.16912268564281638]","[5.7978507013821385, 3.1265586960453833]","[3.086659665277197, 4.03495441942382]","[1.592669998282884, 0.01934407081175429]","[-0.7068925679873489, 0.8555556590207121]","[0.5055892418358746, 1.4891131083282896]","[0.9955815140020298, 1.7031726099180378]","[-0.5138669173366935, -1.0592135218889516]","[5.817467126698372, 4.0865414203677775]","[6.220550603931232, 7.013554294648699]","[4.967952505836286, 5.033524702388587]","[4.75204579267211, 4.520031853851274]","[1.0901834710204468, -0.7480960646216471]","[0.10248464215820753, -0.48282759080691834]","[5.898359568346986, 6.124776719985812]","[-0.3652409774898465, -1.671169772494065]","[3.539697564790777, 5.187941776432757]","[0.5648423586001226, 1.635797806135815]","[-1.2021495260760888, -0.39568071175626385]","[5.163334680677538, 6.4617170162571185]","[2.695788064056033, 4.6389907767474305]","[3.973374517115821, 4.541863010158281]","[5.180338690663888, 3.6567906094160993]","[0.6549755842216898, 0.8107986455917099]","[3.9476705303968047, 4.524465553264645]","[-0.46603650186824225, -1.5947030672667954]","[1.7789836440142865, 5.395598834762942]","[6.764913805550771, 7.792208867909961]","[4.193490370974418, 4.540779602010759]","[0.10939479460489289, 0.725766623898692]","[2.523207933122913, 5.501090009308772]","[3.998990455517186, 6.033189864363148]","[-0.12428577716243629, -0.21138422981796898]","[4.549746612221728, 4.243995980543395]","[-0.03582603910995154, 1.5646436558140062]","[-0.45763324933761523, 0.18568858041873892]","[6.830743824831262, 5.4931956884898785]","[4.174708039169135, 4.507081725050748]","[6.072541799572759, 6.42876016203677]","[2.2724347204468818, 0.8890371222798921]","[0.918316606002313, -1.570500603623177]","[4.2595098936678415, 5.864824438491011]","[5.314971871555332, 5.214982817454548]","[3.9993706275167593, 4.144904525590795]","[0.4861847915619389, -1.9493717553224232]","[4.702050635186777, 5.453221902282897]","[-0.07016571145864703, -1.6609609335159914]","[0.5914421517518549, 0.6802203604766911]","[4.72963330323883, 4.972615679596256]","[0.9784221120280351, 0.5221425459339358]","[4.551091612686994, 4.593889642976597]","[-0.9857260463355437, 0.5040465155178444]","[4.812942483526338, 5.095462041358297]","[4.683917038877027, 5.314338683131431]","[4.576166461793517, 4.234388842969812]","[0.16540366029970424, -1.3820175686924376]","[-1.6076610271180587, 0.18474057889572446]","[4.965435760156197, 5.905717600497366]","[5.193406367189717, 5.059691880579736]","[1.4769344261182744, -1.167779551267935]","[4.314325082409869, 5.8202983745089645]","[1.2376537575119981, 0.37976763604089603]","[1.5737342165551063, 0.45668801073039916]","[4.723664704955783, 5.433749685960962]","[-0.026521259249060063, -0.8818746512277178]","[4.348557450136319, 3.133299413196058]","[-0.03955515385665504, 0.6815006973726244]","[-0.5663945912147232, 0.8316167861804036]","[5.603713240544196, 6.401500346552158]","[-0.883857436201133, 0.1537251059455279]","[-0.5956612940434921, 1.3744380931708173]","[-1.1913034972026486, 0.6565536086338297]","[-1.6685992588781953, 1.0587285298838789]","[5.873989751006882, 5.07843924608367]","[-0.07906734186455629, -0.5791241096357465]","[4.805508515135224, 5.66587782370639]","[3.87015014278144, 4.176163130358846]","[-0.917976104610736, 1.7311696317672995]","[0.22907468820570256, 1.0743180127155614]","[5.087391428920122, 4.983945960751414]","[4.935227740202124, 5.092935652682978]","[6.420184938781949, 5.592113900284918]","[0.30170000890173554, 0.1755362295785979]","[0.4599721429391164, -0.6777153697521061]","[0.868772500590771, -1.1863364271098544]","[6.594177956204012, 5.1035381539491755]","[0.5006657213812097, 0.04977368718096008]","[0.6354180302092264, -1.2392583948534726]","[4.015586953824788, 1.7674345674875664]","[3.692901655600868, 5.186068432470547]","[1.0965471182302537, -2.191253851165281]","[0.6592456684324051, 0.9375701376265584]","[4.726993251977415, 5.585021332287798]","[0.53102609489421, 0.1488768039176911]","[2.0931979322099448, -1.5118834195632136]","[0.32692737376416264, -0.21910052880886424]","[3.4350261065582206, 4.399112824146187]","[-0.48536354782910346, 0.08187413938632256]","[-0.863493604964934, -0.031203488939083975]","[-0.19793772898468187, 2.067906338163552]","[0.7793490039053323, -0.03901951937754412]","[0.8524686434329506, -1.2291835978004162]","[5.6712701367053535, 5.746023952982816]","[0.2897748568964129, 2.075400798645439]","[0.23561455810856594, 0.7708651938869668]","[5.62559130250656, 6.484641861876508]","[-0.039307287627631186, -0.1344967844017327]","[-0.5816809139486437, -1.0147567306928669]","[-0.17585440443207118, 1.6614701657280182]","[0.31635832153614474, -0.8852486861242225]","[4.160391627959328, 4.323929284706391]","[-0.05658848889989584, 1.2189707897936632]","[1.2753907379990148, -0.15171443357722914]","[0.8431053323232401, 1.1628385775349859]","[5.825414597823085, 3.27378603804211]","[-1.7938924978678903, -1.3554475031122892]","[4.233647390734984, 4.9212115999197]","[4.936696777218663, 4.921411607085643]","[-0.6051562356059974, 0.91041849968557]","[0.6373246830230725, 1.6163000427219165]","[6.372271316607991, 5.142044478830545]","[3.8987135101601718, 5.732151226054736]","[4.0641687702094345, 3.9241061712757404]","[3.507897982854636, 6.295207072669644]","[-0.6724855960063362, 0.22327083592026087]","[3.900960775468141, 6.796665201675017]","[-0.23893209916969432, -0.36682441181468756]","[0.10285857793233408, 0.14934191105988046]","[6.085222263661631, 5.038555168784318]","[-0.514782674914742, 0.24353020418634463]","[5.962502591953299, 6.165594895144128]","[5.729819362267631, 6.391920887679919]","[5.588157264435865, 4.293524499234204]","[0.045571839903813784, -0.6516003476058171]","[4.462021471178045, 5.466444596840262]","[6.194214483013992, 6.301102063024093]","[-0.622649361734452, 0.1946074552372427]","[3.9243495164251128, 5.336583045459035]","[1.5307508323436974, 1.2187618516973167]","[6.515318094323802, 4.458226763988398]","[5.408096058569945, 4.096706889220891]","[0.7408243454201259, -0.5132135664715852]","[-0.6269670577877674, 1.8124485579969287]","[0.7034401331388942, 2.154928677383142]","[0.03390272368233751, -1.1904077356744902]","[-0.37231905293792283, 0.4373131870389607]","[3.830519370796983, 4.2790298915301035]","[-0.025574312191994436, -1.7690759048891183]","[4.797394227081926, 5.980004236133894]","[-0.29748220087385013, 1.3119837385739466]","[-0.8783230771797389, -0.3780078990182172]","[5.264481684951374, 5.063702359765771]","[-0.966976143129213, -0.047711356141979855]","[5.306134553102756, 4.768940463159101]","[2.6148863013069636, 4.434741260789597]","[0.34166023195262635, -0.27131497806829746]","[0.49406391897551966, -2.854626662904391]","[4.731631200862619, 5.081291425042481]","[-0.1852876588777083, -0.12982069973342616]","[4.608975333134423, 6.479481761860873]","[-0.7050118557584089, -0.05576907765770601]","[5.842513896455005, 5.754958766141964]","[3.6358940061816414, 4.468122249710671]","[0.7466113646021572, 0.3255778167870701]","[0.6802161054504494, 1.192507512477975]","[0.2678436378663333, -0.8235349706258495]","[5.184970575073156, 5.452756352076695]","[0.3078017688920592, -1.7101683926566256]","[-1.0425776946705763, -1.17223375343664]","[0.8089192693927194, -0.5844552918504382]","[-0.6083507646793376, 0.5925303073177614]","[5.218963915855975, 4.158178368131848]","[1.6449677135012837, -0.24903603955637832]","[4.7119372016487215, 5.431022958010893]","[0.3801978510059632, 0.6105857452838231]","[5.324781594110115, 5.479939741148279]","[6.493003104443203, 4.839869860402063]","[0.5457867135323555, -2.1715714047604475]","[5.584524051837435, 4.731860860758236]","[-2.0744863510163114, -0.02203486400427045]","[5.283130822319525, 4.897943609371152]","[6.352800534896725, 4.533425928797223]","[5.572445306155101, 5.3970466698824]","[4.327094667990599, 5.662841093021632]","[6.769913067655593, 5.909962540860558]","[5.365169001048321, 5.244897301712729]","[3.942163381389766, 5.260766817483063]","[5.445838875229247, 3.277743066042481]","[-0.28438464960650933, 1.5905820726178503]","[1.218194711754256, 1.057368305378225]","[0.32297450361766816, -0.06100397185538355]","[-0.9928660010855455, -1.4452052644122255]","[5.9948686937879385, 4.466155356185082]","[3.467401765402238, 5.2693061895623385]","[4.917746300328547, 5.306450862963341]","[-0.936506374789596, -0.6677795564688862]","[5.151407390624778, 4.707314541024723]","[5.063649061496518, 4.628220988476512]","[0.6577631761503737, -0.06953228624226938]","[4.084522970909708, 5.12645921906069]","[6.009585967891194, 3.4854264909414434]","[-2.1523835446091804, 0.8764556455029355]","[0.3088330125989638, 1.702214944635238]","[0.975816719344709, 0.9184544439424138]","[6.061256258512118, 4.566610433313847]","[4.806844775150421, 3.0216150834269158]","[0.39542098538803816, -0.9575689550152119]","[4.853519329271839, 6.0064110400265545]","[5.953760255811353, 7.1718026673966015]","[0.010352619843380607, -1.3118362323501596]","[3.5733507891896528, 5.499110506798941]","[4.577504104567566, 6.027718748779534]","[1.42274813609994, 0.9262154022415924]","[4.118566294773005, 5.090309799206435]","[5.034204684538075, 4.145375358244935]","[3.729048278907717, 4.621420256786846]","[4.43679026595738, 4.298042701704878]","[4.772229020876365, 4.059984067876246]","[-1.6834381922209503, -0.8058700664961888]","[4.901279105544327, 5.826422324191766]","[0.7031425422200039, 0.5332073178993125]","[1.1950466289248425, -1.5231869047837747]","[5.928090610991081, 3.229518862223922]","[0.8467707752164937, -2.1272274203514954]","[-0.7188323876087304, 0.7450053128772811]","[5.631224356971783, 3.848773342492856]","[1.9764405845154855, -1.5642416117110514]","[-0.25879606266710237, 1.598647170504717]","[6.664192054783899, 4.523937442222133]","[-0.6681430483277668, 0.19337945192415906]","[0.24938368371075526, 1.5774532797634744]","[-0.025554070991445278, 1.1727290192593647]","[5.868798338305549, 5.023104346000731]","[-0.4461834332147797, -1.889540730945531]","[0.9218015019772522, 0.4826878872092127]","[1.643378155804534, 0.36064789143579495]","[3.842584209784566, 3.0191635290773657]","[4.576309283089324, 4.510843824815784]","[6.692313019104875, 4.740278828923468]","[0.5556044660034485, 0.08958068125524882]","[4.283426511575895, 5.809594435971886]","[4.698473704230653, 3.515560931806574]","[3.667550219001795, 5.6314186062724065]","[6.120936512406246, 6.569628586939493]","[5.641947129443701, 4.729732395636111]","[-0.18039168176240783, 1.3728484746765302]","[-0.2176812032272203, 1.09877685198719]","[4.778218596283865, 5.9693693024080545]","[2.6089214347160405, 3.980198666305406]","[-0.6231405264247644, -0.5554771191602547]","[4.665396145469704, 5.56563290188672]","[-0.41790954576589057, -2.025807873111377]","[3.4894539496305037, 4.312215705174569]","[5.158093898576786, 5.033443467973151]","[5.622944030413308, 5.641541644936012]","[0.38897872935218375, 0.2514736089405121]","[-0.02730453950993186, -0.933267959073196]","[3.5064902217468568, 2.876052417299335]","[6.397844307031498, 6.191173044940095]","[1.6122782579886454, 1.3149144535840473]","[1.1598399663883443, -0.5059661989878553]","[0.4473939370689756, -0.5012341077902127]","[6.99412374073444, 5.216554738378206]","[5.379699677417112, 4.688532805100799]","[4.133115415116533, 4.970311209714022]","[-1.1761733365547806, 0.4875602970867186]","[5.509513563929686, 4.812669690178699]","[-0.5376457577798165, 0.655403829850237]","[5.1017883337073275, 5.306347533932023]","[-1.1939250063990554, 0.14294309476370676]","[3.1597336152044315, 6.328166053957332]","[5.819739717258095, 4.8045273564140265]","[0.46027162498230384, 0.19484234027013805]","[1.4509275482792119, 1.8071966436378852]","[4.341617282059555, 4.405496304050993]","[3.065035882759529, 4.850638504350359]","[6.871074482308114, 4.149115910961101]","[1.092106783982426, -0.5479053042069351]","[-1.2457173764463845, 0.054934110999848726]","[-0.5998220233198494, -1.5587869950238415]","[-1.072139011985607, -2.9213504834946074]","[0.793488720552213, -1.7485319732381808]","[4.410746269204933, 3.7465982817049817]","[4.637144372626393, 3.472538643881296]","[5.107983920725228, 7.606859163149769]","[-1.1511537365528692, -2.839078659485427]","[5.0657886486489625, 6.6629314471898375]","[5.760506119584143, 3.2570524695133347]","[0.1600182258527877, 0.501782736167545]","[-2.6197451040897444, 0.8219025043752238]","[0.6791427754381955, -0.3020454994898642]","[7.45987198502938, 5.781497239460632]","[3.9498134626383306, 4.0277017552651655]","[2.0243096232868525, -1.3631740045928105]","[4.6642140610202505, 3.8453656612711558]","[5.5870575345945355, 5.006548657804539]","[0.9562950020913461, 2.324673305852818]","[-1.801057734152739, -0.5426737997340217]","[4.7746485149558, 6.666663259227523]","[6.433633608817878, 3.1403369594502015]","[-0.580053241370043, 0.23940450053537707]","[6.106457152294644, 4.754151682556016]","[4.091497488487809, 5.604107455439044]","[1.4185313451480366, -2.4878086565350794]","[5.327811073574123, 5.952478156952806]","[0.7751554940347831, 0.5530400858523584]","[5.003582601832783, 4.80533630497532]","[6.2782809474594865, 4.939150479997072]","[7.04870825769885, 3.3745077298001673]","[-0.8568518651277993, -1.1260539609110503]","[4.7018474738000995, 4.307934801335309]","[1.5898389781806839, 0.5740712208940013]","[3.662325813912316, 5.612171618618584]","[4.812272976420116, 5.840606712783384]","[1.1894704889246406, -1.2276078151369925]","[1.676393027208203, -0.9455068799427312]","[5.07386343441088, 6.193586535476262]","[5.757032065053977, 4.747375131197363]","[0.40023585552677515, 0.20165290512925463]","[4.238175328341152, 5.210367113540887]","[4.896187515597033, 3.819539514767918]","[4.178319173694978, 6.623529210891807]","[-0.4532484090230134, 1.4524675344707454]","[1.0786808334312956, -0.03850846950070721]","[0.0953441994413082, -0.2634482160822491]","[5.6972380463903125, 4.652475057481142]","[-1.6891830379672617, -0.47126374070251964]","[4.0011791306659505, 3.777635385012761]","[-1.2719190011127228, 0.2113965674706589]","[-0.3649527295428853, -0.8392096673390064]","[0.0828325705180999, -0.7281719009698155]","[0.2810092502818063, -2.132595626154836]","[-2.529560077694303, -0.29660745906979835]","[5.645890420275893, 3.9009552484451273]","[-1.0727430257398065, 0.23924686411114954]","[0.7547332980678092, 0.1994239859867671]","[0.31917451041918043, 1.3404504460231446]","[5.380826418345253, 6.342721861351185]","[-1.0461210850625042, 0.4734074157124664]","[-0.5240883979345925, 0.152354872033722]","[-0.3152692446403456, 0.7589692204932674]","[5.354309381518861, 5.903520683803501]","[1.088769654216672, -0.37630072492499606]","[6.388664520102482, 5.142377912510466]","[4.732101265841501, 4.291221797278502]","[3.5228355836876184, 4.489708840436936]","[0.31996519114516303, -1.4069434005131694]","[0.3676198402097109, 0.1480894197982762]","[3.730708894756896, 6.5361567728549455]","[-0.6248185776956788, 0.026091050210833786]","[3.659511358633563, 4.680173722111244]","[6.277856655030514, 5.570487330863574]","[5.450495723778035, 4.738241709778905]","[4.450873519010423, 4.4055022775732775]","[-0.7179188907476018, -0.23052462518025083]","[-0.03468488738678118, 0.23421473253652075]","[5.123529201841093, 4.783268210843539]","[-1.8751724696457446, 0.11502607914741717]","[4.186335424862447, 4.230333590988612]","[5.938957178234851, 3.4702259198906638]","[-0.0681234251679531, 0.3639706308527381]","[2.095843501809159, 1.5944423917491968]","[4.298750455595924, 5.9761386900669216]","[1.4641772387524374, 0.996858773465808]","[2.381713531732546, 0.8272361076574231]","[-0.8245141615276735, -0.6085897232397004]","[0.29875290836568624, -0.7517910500951843]","[-1.1302037246739238, 2.411676675578421]","[5.029430591677552, 5.516644445935968]","[5.023080658950421, 5.624903594654043]","[-1.3358624041686133, 0.7241365593144973]","[5.457541934004781, 5.4337476093485355]","[-0.6065033882157397, 0.4559041951707027]","[0.22468472575188592, 0.9325908318730899]","[5.068322129939817, 5.126312514586999]","[3.88207239196326, 6.5391972001749075]","[-1.0041407667520679, -0.7677975651041284]","[5.208853542534332, 5.058212727085056]","[0.33198033056901455, 0.1904996797790664]","[6.056288483746123, 5.397527756573154]","[5.5377681903684834, 5.306389482073414]","[3.8791030262318404, 3.2952242557719558]","[2.3490757867007575, -0.7160434362758403]","[3.2993727503486223, 4.26525678652729]","[-0.8464343014589786, 0.9256722095027217]","[0.6704806172412126, -1.0718572330401555]","[7.6378817522602, 5.301873380721012]","[-0.8692869869886438, -0.010867137034972144]","[3.4934747419608847, 3.995709436505747]","[-2.650969808393012, 1.0915068519224618]","[4.863577849722384, 4.221691446993496]","[4.8619176653385185, 5.5911361179239325]","[3.837934179743717, 6.582116751303567]","[-0.15589817793666752, -0.5482872964906009]","[3.5212228761537143, 6.672265904097528]","[4.575401833977858, 5.397637501776279]","[0.8700677306887542, 0.49568188797260465]","[5.483841125026461, 4.957668104339787]","[5.384966416047634, 5.7985666731105905]","[-0.742484232538384, -0.4853058353678683]","[0.14945608966330953, 0.7707502096187874]","[3.3744559664379388, 2.4934284294632834]","[1.1428228145150205, 0.7519330326867741]","[3.4743375907131577, 4.403027972098885]","[2.989783345433937, 3.676048915780437]","[-0.24415663529064868, 0.9640871682883573]","[1.3111674978026244, -0.2243189708781048]","[4.549631808743332, 5.406847635139783]","[5.6268770635290215, 4.951234348156885]","[5.9877285159246, 4.224393638562397]","[4.623577445411804, 5.3160678697299515]","[5.253737296774833, 3.2069236020876106]","[7.505448905356894, 4.548358910823053]","[0.013929291912946203, -0.024125087110003277]","[0.6256673477650062, -0.8571575564162826]","[-1.1306153349375263, 0.6227112239002686]","[4.734439487481459, 6.370101853610371]","[3.961459142964244, 6.112798195612907]","[3.380826943484135, 5.6297395144087385]","[0.40825275571447184, -1.7025836042378404]","[4.567698814190459, 5.231730942030392]","[4.071073517539269, 4.495871326348336]","[3.374878741117475, 5.08291185317204]","[0.018819049740598424, -1.1716543473175618]","[0.5646059258936003, -1.0196643386921156]","[5.5989963416842645, 5.853348977340147]","[-0.646227309843803, 1.775310892609512]","[4.806917925993387, 6.050319552276355]","[1.804348109786743, -0.19090379172729868]","[5.135190340987386, 4.67376629555864]","[-0.13125696709230472, 0.07685188295876821]","[3.4320117344397323, 3.507537729994007]","[0.32316771418478146, -0.14760258629866868]","[-0.8523867660741036, 0.4753656106920102]","[-0.6668487169515637, 0.1979166673420755]","[0.4094385306422523, -0.2766717717191454]","[0.9751197334177512, -0.14705738150213865]","[-1.6548874362282961, -0.9600462952794637]","[0.2088635950047554, -1.9596701238797756]","[-0.03143917037477642, -0.8484286341908146]","[3.2675054050326726, 4.60679899631781]","[6.6000978468204785, 6.528331563486246]","[4.692753774338269, 6.369094582762852]","[5.16058943317176, 6.362132403685079]","[-0.6734906242438685, 0.27899416222380197]","[-1.252393444413119, 0.3636318826249679]","[4.454038072885072, 3.6503503297798594]","[1.3931812579349059, 0.8393491142316022]","[-0.17537845589869072, 0.49150564724678364]","[5.6611529286613465, 5.510252222405018]","[4.687163526948478, 6.030919338366907]","[0.6376058122312086, 0.2587698052439216]","[1.091310120594269, 0.609138120907177]","[-0.2949496782920278, 1.2477420726737338]","[5.97571337766925, 5.0007555074545955]","[-0.4646172972983931, 0.2011596558728393]","[4.0750741842807265, 5.268775789148641]","[6.206535723454302, 5.269052693015707]","[6.494141897266825, 5.201394558715281]","[6.057960713838792, 5.0818443345295385]","[0.41343490322370086, 1.876795812558066]","[4.301738151248608, 5.124175684744613]","[4.556570581764964, 4.729729632325391]","[-0.12334406404611045, 0.3090474430326539]","[0.17183933979353122, 0.5532512199847837]","[4.197800591964821, 3.8528404889882886]","[-1.6009039784765156, -0.828497024780246]","[0.5150352672086598, 0.5137859509122088]","[-0.4173668136050844, -0.2950899142379063]","[-1.6075598643689741, -0.7627247785662142]","[-0.695694877197064, -0.9181269834165748]","[0.4240668615184512, 0.03944704824073949]","[3.6612762938644265, 4.114331815993584]","[0.17989415115347845, 1.3920022863445993]","[0.36039339501808015, 0.5042878533842724]","[5.309726779136002, 5.475751991831532]","[-0.2453881160028705, -0.7537361643574896]","[-0.6701152004542329, 1.1717179147161596]","[5.48535990755319, 4.150895149009776]","[4.6187627127271265, 4.792838310905959]","[-0.601944441935177, -0.6332313967149771]","[-0.6108576398050658, 0.5044832563830169]","[-0.11480224875906367, 0.5667717261841796]","[-0.03392522592790888, -1.5947559581633324]","[6.9530596955398964, 4.005143647532459]","[-0.8638829605897661, 1.279464931657751]","[0.24196227156603412, -1.913280244657798]","[5.107699449106619, 5.99821765597173]","[-1.0962203248685651, -0.0678713816994819]","[2.0860470495371137, -1.0147594931858521]","[-0.898414671348358, 0.4919191715065057]","[5.8900577324754595, 4.392738585913915]","[-0.2737292521667607, -0.014270352949388505]","[0.28099186773503265, -0.6226995198205938]","[0.7436517755401733, -0.20487666386471723]","[6.315821840016223, 5.646743935418645]","[3.9293335938098215, 4.215679029699745]","[0.8396638644311888, -1.357517539841935]","[-0.7717719573928751, 1.6095206657759729]","[1.4027943109360992, -1.4018510627922809]","[0.4577728661518858, 1.6744924333475373]","[5.394579985484219, 4.574244395348409]","[4.593970845587284, 5.537179814541736]","[0.6523061516102304, -1.6313351104170732]","[0.35701548596504734, -0.6929095952606542]","[0.5345056484805503, 0.8876554258738361]","[1.0487071264165635, 1.6554071130882952]","[4.63432291746948, 5.504270748038384]","[7.2020139246596155, 4.643907951380945]","[-0.5551995266931984, 1.8811570694405901]","[1.0602099074988798, 2.7596600389110777]","[-0.28744751940035557, 0.2873289044030093]","[4.616125258669217, 5.2022804076212195]","[0.19808476076785494, -0.14436041192394247]","[0.8406435489887241, -0.6526239793023909]","[0.7533416211045325, 0.38115838488277776]","[-0.413465161123276, 0.26028050658288615]","[6.57943789169486, 4.388240360495415]","[-0.8873294588557712, 0.7717961772356612]","[0.49822174849678513, 1.1401490385212665]","[0.7942646796218271, -1.2542894231692494]","[0.6476885381006925, 1.5230298564080254]","[3.911306589523658, 5.561472629826133]","[1.558789184496894, -1.5304614097433769]","[3.5580896438881906, 5.945929585270378]","[4.927142311158945, 6.889278795503996]","[5.958816306467672, 6.127686294516429]","[0.6728612359668199, 0.591814133741378]","[-0.6255627015095294, 0.39580353343740904]","[5.370867792471024, 4.008665607765749]","[4.093784667952789, 5.141979913874005]","[5.3690164378251675, 5.124285694850851]","[0.11327041053776446, -1.4382779783173667]","[5.530369188998799, 4.880441243373604]","[5.684450477636428, 4.578801183387087]","[5.3104727541807515, 3.872736207445853]","[2.9356579023277782, -1.0733280322228955]","[0.8231705839619146, 0.07331796718840389]","[3.9028561302295364, 4.377328233447617]","[-2.4716445001272893, -0.7968952554704768]","[3.4205637012824015, 4.182108157861494]","[-0.5767713305683327, 0.755391225825756]","[-1.0299722747769358, 0.04607922163315134]","[-0.37185788227866556, -0.7284616216803428]","[-1.0138959522925377, 0.08568716140335904]","[6.560255529530931, 3.048397087117113]","[5.257373106417349, 4.3691535970528115]","[0.3885786045309641, 2.4929995174327906]","[-0.5800163326536847, -1.1564158167438567]","[4.932722535086466, 3.925338960567137]","[-0.7309562757154733, 0.7579218499236196]","[6.650572963232848, 4.370787850470558]","[5.245498681794313, 4.744812828485716]","[0.5059655534558652, -0.7282722024066131]","[5.362995703432688, 3.826369607453202]","[4.6828971674260345, 4.1965657258287425]","[0.7216720640432351, -1.1290517712172292]","[0.26739231407190295, 0.3216978061960136]","[4.717875056862265, 4.369136489316591]","[-0.47883745600840416, -0.8627757640431206]","[3.402380270831544, 6.490137522099841]","[0.7441919714999368, -0.181224173218103]","[0.007178466907941942, -2.0864776583710847]","[0.007063158628176452, -0.6603211394734471]","[1.073631749859772, -1.0265152994110602]","[0.22745993460412942, 1.307142754282428]","[2.0883747047807275, -0.13958962815517376]","[4.839925513391695, 4.7565896974320925]","[0.20965941527462578, -0.49163618563204736]","[3.652746082418651, 4.101200189756162]","[5.876605879842179, 4.688214426743976]","[3.573981882879548, 5.393873218164743]","[5.166637895311839, 6.059950169762376]","[5.555742178042893, 7.054092441435975]","[4.618368904586789, 5.7401256641052445]","[4.152372787503116, 5.818594618343213]","[0.5628808601743548, -0.8798143535020543]","[1.0215153927818639, 0.9189148546583293]","[4.566126537020811, 6.722155097808194]","[5.783155656013175, 4.4311230248026305]","[4.073486745220252, 4.466456374176918]","[4.763462616631465, 3.6884508621013183]","[-0.4561208274741882, 0.18142662011397137]","[-0.8515399797793188, 0.006273156184418285]","[3.504458463501796, 4.987701550691942]","[0.8567024802425557, 1.6773770878054892]","[4.363154785729611, 5.741016951336449]","[3.672201326520569, 4.711467099318204]","[5.4621540960596775, 4.890806905499447]","[6.140250552671205, 3.81976826579963]","[-0.6135876053627944, 0.19624094066672046]","[-0.8182206832334725, 2.0923872756854602]","[0.19729226563120644, 0.3113086734428849]","[-0.8162172445419648, 0.07814306296964744]","[4.981865756491918, 5.293284429004852]","[4.873335972652336, 4.448883759959371]","[-1.189232465077129, 1.0539857711828762]","[0.54090851856099, 0.8761691671912328]","[1.2795186697601588, -2.2168188393540644]","[-0.059826143529903696, 0.4935602043342916]","[0.04556388114189831, 0.6234071382799156]","[4.9046589088033175, 6.730321814857168]","[-1.6610834155671725, 0.5032520647495048]","[-1.5223591862178911, 1.1126883749899252]","[-2.1533429198712444, 1.0971527117536957]","[1.6839276914578687, -0.45888426286894]","[0.650201177958661, -0.09917586377938291]","[4.935662352620834, 4.544828216046236]","[1.1801281737415277, 1.144293068559939]","[-0.5756378262377739, 0.12200981464536144]","[4.405327012837831, 4.577431580978781]","[-0.5503051538454201, -0.6716233679380516]","[-1.349773069381231, 1.7681692930597834]","[2.0740826697499735, -0.9193845915864234]","[3.231943280825603, 5.0195458447981816]","[5.314444590874853, 4.641041614820586]","[4.49557731670283, 3.480107200381015]","[-2.1899217049785533, 1.1945922205137307]","[-0.2885486958757048, -0.7837535211244283]","[4.831615077527148, 4.673987504183151]","[-0.2789629303318085, -0.2797601684958344]","[-0.3609661658190799, 1.159329803364248]","[5.381352834580285, 6.365526462526265]","[-0.589112132781127, -0.9355962987624259]","[5.851929070790843, 5.91486779809785]","[5.264254763607339, 4.959666089785956]","[5.207488797852182, 5.445677907081924]","[4.0971910730372, 5.809264698241986]","[3.34775732264651, 5.966956645344816]","[-0.411024936503173, 1.0216229840730389]","[5.143405961071305, 5.575356724520126]","[-0.5923939242388692, -0.863990769679816]","[5.480063617904104, 6.383194515329343]","[0.26256132900192497, 0.19358991136754436]","[0.48730523704499484, 1.0719298652117972]","[0.812525822394198, 1.356240028570823]","[5.635245536603957, 3.9737576246971003]","[-0.9899577925520139, -0.0350076100062359]","[3.2058081334505637, 6.083145212660734]","[4.358835070603149, 4.734935003111421]","[-0.7712002995492906, -1.7739696161121294]","[4.249279665507187, 5.792711017733665]","[-0.07744346072599365, -1.1952937635992447]","[1.6871416350725648, 0.8816397569494505]","[0.3080505395041023, -0.3916485674217911]","[4.596712208089062, 5.0845269837843245]","[-1.3471262895296965, -0.9716140385106515]","[6.711028809190788, 5.5239605120767346]","[5.478037815192283, 3.5603918692011725]","[2.287387436189562, 4.850544306835011]","[5.576451345122423, 3.4914440317871436]","[0.8422973270139027, 0.023195978557374822]","[2.1531824575115563, -0.7673475628880495]","[4.5741820016334485, 3.342856414867695]","[6.2114275036324305, 4.494552790346473]","[-0.49195690486948307, 1.3280568889869675]","[-0.09294420661358828, -0.23950192202174977]","[5.654388134060763, 5.2899111740376625]","[-0.5583017539460305, -1.100154232971695]","[4.854650577686114, 5.347397486434762]","[3.9959203670449726, 5.94438522283539]","[5.8775475534514205, 5.351662354974059]","[5.7032538280959475, 3.226224867797481]","[5.739944051379316, 6.679747382221529]","[5.165240050064925, 5.012521864329786]","[3.936645500169681, 6.021624764399948]","[1.991553302204734, -0.8320613048498566]","[5.102645528539664, 4.70220384377604]","[5.5910905313252215, 4.843590721207197]","[5.388818910263713, 3.826126673693971]","[1.2920603343265227, -0.7491717266032418]","[4.638769807085627, 5.122490925374454]","[2.927644818304002, 5.1540318416835875]","[-1.092312764672579, -0.3164084496948019]","[1.2960630617813962, -1.1071568168024517]","[7.14300705458491, 4.530235535662863]","[4.121878296394548, 4.015053874882968]","[0.18676676447707832, -0.7553829323533225]","[4.31088820227821, 5.467690103858885]","[-0.04015795064434341, -1.4307751021180481]","[0.392634115650968, 0.45358552350921844]","[3.755513550111134, 5.44982721372651]","[6.434309669352076, 5.284754593385569]","[6.304834763319329, 5.135176241342669]","[5.509295323642008, 4.383928784663676]","[4.173634714734131, 4.607770388655976]","[4.401720665802152, 4.1312324554270905]","[0.347561613803552, 0.08669769941439658]","[1.8076085077692632, 0.5061576554607123]","[-0.949398888831943, 2.632382064837391]","[5.590744335510326, 4.779886268745171]","[4.564922758423684, 4.688324114234766]","[1.221033695525353, 0.5820977034686158]","[-0.03471176970524331, -1.168678037619532]","[0.49470565377503245, 0.38343503140364416]","[5.400169605200498, 2.9859367257622367]","[1.6435415091205292, 0.3911278769327262]","[5.440494496163338, 4.924972999603199]","[4.8551332448539055, 5.405824086673814]","[2.296651952892643, 5.33935581275622]","[5.442316868164485, 4.249270392994402]","[6.342180131244854, 3.065912254540423]","[3.884753463623186, 4.721689744123424]","[1.185704154662997, 0.7189533106650667]","[2.645517077303398, 5.018252460856113]","[-1.594427658794367, -0.5993750229537729]","[3.5806156442039594, 5.2239949689010485]","[0.5232231857370332, -1.2203206899439758]","[-0.06407776414871663, 0.5362909095171899]","[-0.8397218421807761, -0.5993926454440222]","[0.34272534637770413, 0.4567532191537839]","[-0.35084943007647457, -2.2183477600510813]","[5.4563559731326965, 4.632925353981817]","[6.130526619537311, 5.03080713499795]","[6.435856464085898, 5.284566790474527]","[5.107207962040134, 4.681153644505269]","[1.0495527153193351, -0.535235211560568]","[6.089629522909162, 4.640714695693584]","[4.360806466249842, 4.843723663294957]","[0.7045065398247231, 0.7890566873755189]","[0.18932830729237413, 0.29724427338012405]","[4.612124218137531, 6.306072203871629]","[-0.9489165208248372, 1.7473631979155582]","[6.0899049590908305, 4.428816025915814]","[4.753081672510545, 3.0740221815548985]","[6.591400367762804, 5.876714186386116]","[5.363004284806077, 3.2789224790395304]","[0.0917607765355023, -1.9875689146008928]","[5.49576557301551, 5.644388453538182]","[0.570612997219531, 0.9681846605328611]","[6.149487364010368, 3.425658282268037]","[-0.5139006266488432, -1.198951397993876]","[-0.1115088271429437, -0.8049664808525608]","[-0.8682609615983323, 0.09781329309330739]","[-0.5736620068802363, -0.5468589412403921]","[1.0584244868495878, -1.7587394864231143]","[0.35037021638633825, -0.844324037183071]","[4.9879759710868115, 4.760444141062901]","[4.658907067858392, 6.0219631550600035]","[5.8202323983059845, 5.817306203738326]","[-0.32267983884213575, -0.25083301645504735]","[5.1168301741721836, 3.7144089992439726]","[-0.006070911539893324, 0.8384907744516419]","[5.625584593675001, 4.77672841156669]","[5.233042951529484, 4.2819352163817355]","[0.1455211977682408, -0.6141225650083162]","[-1.2899608997410539, -1.295078772063616]","[6.120967023614377, 5.805574702806173]","[2.50883859184854, 6.216723492497946]","[4.7120939231320795, 5.245038664315406]","[5.14425352228204, 5.330783806538236]","[0.5070202721353568, -0.05739536507403601]","[4.167523378276611, 5.0953502743327785]","[5.3412158424920335, 6.5002746090009875]","[4.164310994979964, 6.097220191606438]","[4.1852439971764515, 5.176150451887692]","[1.030999522495951, 0.9312801191161986]","[3.2193743270925106, 6.502734326305588]","[4.193480167543439, 6.677200509966096]","[0.5866938014752747, -0.47490365662252443]","[4.043941448316605, 7.3176367886738785]","[-0.34516470544979644, 0.4892545350763276]","[-0.10703035995455783, -1.035242322419374]","[-0.48760622407249354, -0.4325581878196209]","[5.290087899635433, 5.043900533123389]","[-0.1755639454992155, 0.6686548047579066]","[5.246906063416612, 3.8748021722622767]","[4.421048242651077, 4.1036324521748195]","[4.3598534949063, 5.5080122910546]","[-1.5822231667464777, 0.05022769916568044]","[6.325004654945639, 4.027664996183812]","[-0.16985235767773066, 1.6367399618306397]","[5.33208146141681, 5.646129676024172]","[5.435211528289602, 4.258501750087275]","[5.863923549962446, 5.769135779310033]","[4.5446575768546875, 4.646141037179897]","[-1.4840566649243352, -0.2084682105404079]","[5.365394241925141, 4.9608378845572405]","[-1.8936146669537857, 0.21329370737293857]","[4.102340614724946, 4.362512565174988]","[0.12320480678448567, 0.5514853760404675]","[0.6455877121741934, 0.019381237698025213]","[-1.8418977729578574, 0.8920675997317206]","[-0.4070363129267805, 0.6863184569567008]","[-0.9057323008626189, -0.6537663386488198]","[1.4765403497258958, 1.3800913541474515]","[5.8913439016052465, 4.795644273354352]","[-0.9938626748348534, 0.4201915428949916]","[1.0391117874202687, -0.07576428653545988]","[-1.4990159604584012, -0.09184476433495513]","[-0.45784838618248924, -0.15936223214590656]","[5.781175336287599, 4.784611711139924]","[-0.19024084441321568, -1.4974466686057486]","[-1.5100412119852522, -0.2205382291565374]","[0.3074035697196884, -0.8246122504347609]","[3.7216473711976756, 4.1045720390749585]","[0.6863535550145331, -0.8388926740257363]","[0.3514482075415829, 1.0701502383164274]","[-0.274802304752688, -2.2012434734509183]","[5.994298826687623, 5.25473113738021]","[1.593186626639397, -0.5112156764311852]","[0.07557637267003782, 1.0488641418753621]","[5.019599616577628, 4.197569960135163]","[0.6380511014407572, 0.5008444749444569]","[3.082651113989701, 3.528873594626482]","[-0.24861585376667736, 0.6266136372630708]","[-0.017006074483830996, 0.5050210882737669]","[4.753428945740426, 5.7351321130540915]","[4.317925201976217, 6.152348638961926]","[-0.5711789897827968, 0.5725827813561586]","[5.747444971427056, 5.297876191023845]","[3.7922406074566477, 5.809112790731379]","[0.6963228620803235, 0.2787998123854607]","[-0.099094300241269, -0.6028206557839616]","[-1.251539424190444, 1.4437646040732595]","[-0.09338685889994829, -0.5293321124483709]","[6.750925941927143, 4.968481486671896]","[4.735454101295278, 5.3657599860929155]","[0.1458364702153839, 0.5852994365163381]","[-0.9046143749937661, 1.1727568452674448]","[-1.0022170189267248, -0.752435237353035]","[4.407534544619486, 5.3270723748778455]","[4.869074194873874, 6.128239783268837]","[0.39379729821625153, -1.92767257934561]","[1.2374381346841392, -0.45730165508679]","[5.1739472084128115, 4.381824957899831]","[0.8760467925297942, 1.472670675750982]","[-2.0503574572842003, 0.7391804947015679]","[3.161481376727929, 5.898117324122348]","[5.561573470571105, 4.801330866177097]","[-0.33130838318332273, -0.6122367345077503]","[0.3674816654743044, -0.3135296861723979]","[6.318197067234025, 3.6418250785224062]","[1.7275431701007113, 0.4363236696740321]","[0.9788895585567792, -1.3717431292635056]","[-0.7184072655691974, 0.8949243769444413]","[4.2329325445996995, 4.396161702506813]","[4.813563584178446, 4.520646057343916]","[0.3483417392461269, -0.8978300664256293]","[5.570945694603873, 4.185597179006809]","[0.25602973431387566, 0.9826909839455139]","[-0.1942691319785193, -0.7557915001583629]","[4.663933303494259, 5.268804934439231]","[6.707329809559223, 4.229181197271311]","[6.010839735020314, 8.529055187570485]","[6.221294945685148, 5.133958380580236]","[0.240205843946223, 1.2531328247682434]","[-0.6292633936927887, 1.5337277099164992]","[-0.40980124379353305, 0.7833587105240313]","[0.6324542166423008, -0.47417817510396487]","[6.077293673015693, 4.982137845112266]","[4.91291527385685, 6.879874549421008]","[6.121689142387919, 5.229094831646379]","[-1.0986204251778122, 1.4205042872710631]","[1.259233239786799, 1.1464408704007276]","[4.179121077590313, 4.573195805064742]","[5.225269722015047, 5.606762150206407]","[-0.4611697320346189, 0.7565646749131401]","[5.188073356991773, 4.148819517552515]","[5.94680756651187, 5.055002936033374]","[4.036603658801431, 3.0679348414800405]","[-0.8275902206487197, 0.08614388304637476]","[2.0236062192296393, 0.006799844559997769]","[-0.0349884904969617, 1.77080063563551]","[0.5470973811700379, -0.20219265243389406]","[6.323340922489938, 4.966931998638232]","[3.512625553596023, 5.087204992037267]","[0.5796331732135757, 0.32579631658216646]","[4.826126179685414, 6.338592138295606]","[0.3111099911431952, -1.889649292096153]","[-1.5625458568865427, -0.5290526773462948]","[4.072626994304066, 6.288433622503389]","[3.3057441040049222, 6.006606541032628]","[4.24688266937942, 3.8770853225524293]","[-0.5938114080687051, -0.16563141031763223]","[0.3376026620752022, -0.4118769661224674]","[0.4200944904518413, 0.606850593215671]","[1.315508290940104, 0.21049629892150362]","[2.01527511046064, 1.2906444609225471]","[-0.4367197360405955, -0.06613261462582246]","[5.031759456581451, 5.075673540613386]","[5.238737925291357, 3.7261626748657957]","[4.563485136734457, 6.07168037389059]","[5.4995589082492025, 5.884442437381738]","[5.568273377152784, 6.0863807112058375]","[3.728451479107716, 3.846915668260218]","[4.425513294583724, 5.871702585598813]","[-1.4789115687741288, 0.18335991977915564]","[5.5686446160127705, 5.382921710057263]","[4.624499959924429, 5.699464246895702]","[4.41925890944355, 4.996519151426798]","[0.19502498402812674, -0.7582820688875902]","[5.42243497290144, 4.533811388053777]","[3.575832399812401, 6.911606067063322]","[3.654985516069331, 4.138950327834425]","[0.11958036841415326, -0.9730689408815555]","[4.4838833581285655, 7.124556229829014]","[-0.501784192811532, -1.3724655478841008]","[5.5101243612500745, 4.350635180386119]","[1.0225704320096403, 2.439752406339273]","[5.520756120358711, 4.672193540123477]","[5.032143146964561, 3.2742288751874264]","[0.5387559924463692, -0.9206735930793662]","[5.063383392637718, 4.27160968675829]","[4.011997181997059, 4.852807249231988]","[-0.33912227927003874, 0.37006111526895535]","[5.277982440218922, 4.152526109434936]","[3.569168798375328, 4.523446198566475]","[3.5223875930805555, 5.257600857398129]","[6.491673858801808, 5.724829373485832]","[4.315012820856253, 5.801181763988183]","[-0.9162741005637249, 1.3554428011054958]","[3.709057780506776, 4.593025633626629]","[-0.12754912037753421, 1.5111549302473475]","[4.549259722697248, 2.9982939982744665]","[6.847866995702103, 6.190529643717676]","[6.242826893326828, 5.7271679888921]","[5.971930343440634, 5.143428937037324]","[3.993072639054856, 5.047825319784683]","[6.256197439413683, 6.187713384138455]","[6.177000636790337, 3.6875326965514503]","[-1.5506634310661327, 0.06856297480602733]","[4.940345688007809, 3.2983341417125835]","[5.328644025804809, 4.4261800860898814]","[4.328985154337547, 3.9041608369960423]","[1.0005823180429783, -0.6706202090766449]","[5.423507874022038, 3.3952949902021876]","[5.239857745849297, 5.486309993350222]","[6.869066503678261, 4.2457018673928575]","[4.51574164806917, 4.954071171259839]","[1.0094717885959688, -0.8449414385934964]","[0.49986412374037137, -1.3993061748019415]","[-0.6538983883255765, 0.02731337985143867]","[4.430301037074269, 4.642172066558733]","[1.4412732890661155, -1.4358621511794394]","[4.7722803851642475, 5.715493096769485]","[4.135569686326463, 5.692775769708238]","[4.366410484506187, 3.0937633799106194]","[5.057864047426756, 4.734407366737589]","[4.618510585175907, 3.6795065565949683]","[6.230460047759975, 5.52748083302773]","[5.030476413920629, 4.1027469938387435]","[1.732514999485092, 2.2313001461926323]","[6.378467355453808, 4.3284877930194545]","[-1.365824155415439, -0.14896930976729691]","[5.157346567673078, 5.976506589063165]","[5.273660119212502, 6.566854707213786]","[5.446981717009852, 4.3614141748549695]","[5.4556469100885945, 4.206778802792965]","[-1.0708924980611123, 0.4824724152431853]","[6.106461770812071, 3.749783974105199]","[-2.077811819856197, -0.3202978045366419]","[4.633658322862242, 5.1767621032502635]","[1.667224111551137, 1.5232386217122582]","[-0.7728252145375718, -0.23681860674000887]","[5.325485112324618, 6.09958446432767]","[0.8711247034316923, -0.32602353216784113]","[0.6928557558178116, 0.73463754545933]","[0.22391413406466143, 1.3641404299738442]","[0.19063559126502433, 0.9413105807674833]","[6.003365892729145, 5.548463273540571]","[3.6810315016974893, 5.020106466869098]","[-0.19569853114690144, 1.0600897399086655]","[2.7970866467942814, 4.779434059732686]","[7.0847129212310165, 3.992088304571794]","[4.970196218148559, 5.524584683047615]","[0.4258436586298291, 0.4182057558879721]","[0.8227827808340025, -0.9626510119189763]","[6.037181405649051, 4.089513296468478]","[4.201793923641846, 6.0185374276503945]","[5.092627587948924, 6.242862562858314]","[5.686567746753176, 5.741073780682286]","[4.7635511632641405, 4.880380375631229]","[0.7310006267854814, 0.5384349572164524]","[-0.05152292852464606, 0.5030903686237468]","[6.084477524857288, 4.788110468801757]","[3.8070266289808634, 4.607273761574183]","[5.092055137311992, 5.476240353387666]","[4.536145570494054, 3.90181361622185]","[3.8851778126475858, 6.196910948761352]","[0.07203686128374476, -0.21220896990115168]","[4.276831561170607, 5.366606247013805]","[4.249373178023244, 4.700450588800808]","[6.616521654513749, 4.340675865222832]","[5.037574859335866, 4.685309171211908]","[0.22409248181041677, 0.01259240078179486]","[4.5850837218796725, 6.501952965188596]","[-0.06040372919690829, 1.1277802506338985]","[3.255467111393946, 4.3097237667627954]","[-1.0538354953643456, 0.4278143951529032]","[5.542423969532102, 4.1910361070742]","[5.355338195590137, 3.190732285411742]","[-0.8289950109220723, -0.5601810401969696]","[3.4697208640702124, 4.877564010252603]","[-0.1671217137864115, 0.28257995048829965]","[0.6819529712949639, -0.31026675659345604]","[-0.04626121726634254, 0.11410149222651991]","[3.687031470052727, 5.393975225864402]","[5.693823453859102, 6.1665283362210035]","[5.7631423007096565, 5.922481170233109]","[0.324083969394795, -0.38508228041631654]","[3.6546645125847586, 4.718835957535442]","[1.3784696274615047, 0.1158245872269461]","[-1.4063174636718339, -0.08310557262869477]","[4.883428653546671, 5.21416894113175]","[2.5733598032498604, 0.05921843401448826]","[-0.4473218956587512, 1.281016361735113]","[4.871122621311247, 4.4909061946884306]","[1.3821589910375272, 0.6487098875896427]","[-0.6680904536430488, 0.9920423495365228]","[4.014266966572525, 4.2262194211093425]","[-0.7341737987784958, 0.08199555641356042]","[4.286807695633867, 5.226304207745135]","[-1.5178737466808094, -0.3570292008066094]","[-0.15178509503558332, 0.5883172064845765]","[3.8658288547222095, 6.029180436127967]","[4.678840961294298, 3.4143742932304075]","[6.268583235647469, 5.491412756355527]","[6.621873747785052, 4.480165854274774]","[2.747206605268661, 5.335968173440577]","[4.6990196876067785, 4.368562972516816]","[-0.5984375805810469, -0.9665878909853152]","[4.48133328037879, 5.853201545051554]","[0.6715311717290534, 1.5280313593878327]","[-1.2693304965466992, 1.7025146581296056]","[5.91262032254044, 5.421716933003097]","[5.489178350637793, 3.8202232506254914]","[3.743434664054565, 6.289203051406873]","[3.9739191558043756, 5.381425617534342]","[-1.0166831285764972, -0.2440804736742013]","[-0.2525681513931603, -1.2477831819648495]","[3.8227735825487894, 5.468540161546069]","[4.931713792235709, 4.736576364880496]","[0.09933230542922587, 0.751387123371789]","[6.330432344378816, 4.879412811526531]","[-0.8051717517428763, 1.0768481446576803]","[-0.4174303819894322, 0.3440539215634665]","[1.1806409124521446, -0.6273134459513029]","[0.4730382821602152, -0.645572072035395]","[3.960779836009234, 5.817981544453861]","[1.029413100955326, 0.796701927070742]","[-1.0917008761393143, -0.387099702474401]","[4.403105215268028, 3.3255305395467545]","[4.087411801822373, 5.701389893809499]","[0.3230792731160291, -0.2523535021262876]","[4.349343378663805, 4.673352436811388]","[5.610235005693996, 5.474742104839891]","[0.015182942540433121, -0.9748065759228419]","[3.933967828372319, 4.948457791392348]","[-0.5387608373460957, -0.2549469704035893]","[4.662122224526193, 5.002231622162402]","[1.884586305934609, 1.543243528272189]","[4.03329810929734, 4.203935862279366]","[4.481362002515424, 6.718363995763876]","[5.609238830889753, 4.6681351381780205]","[5.1029173905232375, 2.6859559339998946]","[1.2066081548639151, -1.5271678565896476]","[3.883059115897636, 3.952225053860901]","[0.08658978747289992, -0.15567723539207948]","[0.041325632270618466, 0.4430021304473752]","[0.30263546523903323, -0.7542758500193579]","[-0.926930471578083, -0.05952535606180008]","[0.1764415552772252, -0.3670278390833223]","[-1.9701038177118355, 0.8925973382993092]","[0.3996879517526416, -0.651356893791829]","[5.450155633946648, 4.895641550561914]","[5.117707418460958, 3.3282387266718327]","[6.4190356113672635, 5.293352036322983]","[1.0291556373256436, 0.472597482413043]","[-0.1340171666729177, 0.014688194729197093]","[3.830684734913531, 4.8498521679825615]","[4.9220772643214845, 5.549574316064444]","[5.180305051337503, 4.043864297041461]","[-0.6373077470287948, 0.45838670355148425]","[-0.1248868853500674, 0.01569779595775838]","[-1.77623523289832, 0.40865281148067084]","[5.033719054901053, 5.268593581044298]","[-0.3839712719523516, 0.2502002062516945]","[0.043602446372453724, 1.695051040430753]","[4.258837331365171, 5.807739555984151]","[3.9115887643271545, 7.560502959355684]","[0.6855077387902041, 1.8486088332964115]","[0.47363207681145447, -0.9263811299815384]","[0.8294748419317485, -0.19382613877280352]","[0.3840654489393073, -0.03269474809409311]","[3.10796642751433, 4.937863933530691]","[0.3577873603482833, 0.5607845263682344]","[3.7738206421873164, 7.196646054978954]","[-0.2685306479058323, -0.8911922254152874]","[-0.03658997434293117, 0.6596499980823705]","[4.724048548303862, 4.638276163906613]","[-1.1533505105959594, 1.1373145423647293]","[0.7197579421481819, -1.2932729578711637]","[-1.091933900395313, 0.8902475008365087]","[0.961987189071841, -0.23701197001262772]","[5.878654850180379, 6.348693198645512]","[-1.389572466763596, -1.6453987469568918]","[0.6870657958589163, 1.466540859278603]","[4.886175227692523, 5.432972928043635]","[-0.2563406783724922, -0.5380477584901385]","[-0.32034730819432017, 0.4241659464019164]","[0.07957353494216583, 0.7588244161636093]","[4.70955851798885, 5.444145171087257]","[-0.8224199323822006, 1.1210306673244714]","[-0.29737607924310644, -0.24638340251454802]","[1.0519476177229186, -0.9980606273144129]","[0.8155010224442626, -0.048088507330772585]","[5.988608793499175, 4.618862303326581]","[5.57122421023624, 6.390643595949957]","[0.21060083929764178, -0.4884760801103597]","[-0.6654222981294605, 0.7219034854381414]","[-0.5098066931908826, 0.03444101170584135]","[-0.17759599475873897, 0.6558921377875826]","[0.8294055811834892, -2.211135309007885]","[4.687322830346724, 4.204011089991246]","[0.7931756882186773, -0.12205713212127726]","[0.08243975293450329, -1.4575514994649306]","[1.6286155455712918, -1.3801014582148914]","[1.5655240292343404, -0.0657502610729878]","[-0.7084067669104628, -1.5137143926128271]","[-0.0821511783925688, 1.1172958315881276]","[-0.7801991291174627, 1.3305749040390402]","[0.8723206367206782, 0.18334200573835174]","[4.3215052695127785, 4.6945005369463475]","[1.1663705456692521, 0.5309756619640905]","[-0.7355299425897666, 1.2360931752104374]","[6.383135646778152, 4.31984763424818]","[1.4521176991825604, 0.014149264965758293]","[0.8913036868697555, 0.004229858994151577]","[-1.907807557877391, -0.8603850107795019]","[5.046637366565966, 4.479107096096237]","[5.060785372501303, 6.926285854855394]","[5.9330666057209855, 5.063541904560937]","[3.775612726642046, 4.10722669272385]","[0.9540017634932023, 0.651391251305798]","[-1.2096947428411076, 0.5999287299962045]","[1.1243533598705027, -0.3340772309799405]","[-1.0623037137261049, 0.4735924306351816]","[-0.05489400061628639, 0.28555407485765694]","[4.9745058714148005, 4.782841192863144]","[5.498689912135545, 3.05750230903823]","[-0.856498237409199, 0.0976703767483354]","[4.402618938954857, 5.110418046946119]","[5.881062187380666, 5.540589541812241]","[0.6222071440434019, -1.1388331177807691]","[-2.5302875227463297, -0.2860042218801108]","[1.0857863249393471, 0.09798315347089544]","[-0.3464265060068996, -1.611567359102828]","[0.8128621188389601, 0.6296288419236122]","[-1.5193699659540134, -0.48423407286625136]","[0.3227185603380895, -0.827230943552323]","[-1.6380290574360168, -1.7863754653546866]","[0.10716991525959621, -1.0785127413645972]","[-1.3202332070206422, 1.8314587658543537]","[0.03408346825922607, -0.7699732310586418]","[-0.46675881195144053, -1.4829844319824181]","[5.605513651124165, 5.064407522431942]","[6.056101251669989, 5.788291656636003]","[5.872153105684055, 5.324036442706533]","[0.8595848723435562, 0.0798014840587331]","[4.84216249015974, 5.308292063638821]","[-0.6581164890752567, -0.30372602877666466]","[-1.0560307999666676, -0.2569451251217815]","[4.931797469667331, 3.593280567440442]","[6.2666612531984125, 4.028937970892267]","[5.703492148225025, 4.922178563863527]","[-1.0448091940210336, -1.9663565893760018]","[-0.04692057887918407, 0.47704082722312147]","[6.266330267956288, 5.709932748147238]","[5.391881262245585, 3.965402040393345]","[-0.49693202511797824, -0.18256897437954112]","[-0.47622087354465903, 0.8743891807127275]","[1.3286408282482312, 0.31318447386498]","[1.4205042479898549, -0.5707462937494763]","[-1.7787202489042786, 1.496044311489183]","[-0.9935895155940362, 0.13592456721834797]","[4.187454229878014, 7.105297429458313]","[-0.8110008636288448, -1.1140464501619933]","[2.1650560678066024, 1.190548594343596]","[3.0744326396671227, 6.493709759005534]","[5.1934485749917965, 6.309865169433534]","[3.627590262438693, 4.694367557593204]","[6.10133016488955, 5.7163400805404105]","[4.519425586797525, 3.125107935952467]","[0.2773584619646759, -0.022278979183713316]","[0.07268052432934134, -0.4114931445621802]","[-0.04889718347410554, -1.405189846803575]","[7.05451488940476, 6.542806773769682]","[5.19298964177293, 6.676454961914663]","[0.5376299029498797, 0.4281862478105761]","[-0.8456731044941129, -0.014098965906671578]","[5.891863022160749, 3.8867051658853686]","[7.28879066088029, 3.2367633010965147]","[3.2848200292965792, 5.8259235830306535]","[-0.061764199860128925, 0.4794415180860639]","[0.00161903135694112, 0.4147728907887909]","[-1.270061088712032, 0.2869558543017087]","[4.647546268362258, 7.148296863786959]"
ticks,0.10368704795837402,0.20644760131835938,0.3101339340209961,0.3101339340209961
time_line,0.10453629999983605,0.20712419999972553,0.3103762999999162,0.31041659999982585
